#### Simulations (1)
# sum (j:(const (label rid_t:(range (int) "1" "RN")))) Amat[1][j] * (T[j] + -T[1]) #1
0.0 0.0
0.0 1980.0
0.0 -540.0
0.0337677 6.46317
0.0699463 12.8685
0.0699463 12.8685
0.0990295 17.6958
0.0990295 17.6958
0.129288 22.4326
0.129288 22.4326
0.161972 27.2365
0.161972 27.2365
0.198059 32.1805
0.198059 32.1805
0.234833 36.8645
0.234833 36.8645
0.271622 41.2273
0.271622 41.2273
0.304886 44.8988
0.304886 44.8988
0.338028 48.3202
0.338028 48.3202
0.371231 51.53
0.371231 51.53
0.407013 54.7487
0.407013 54.7487
0.436996 57.2746
0.436996 57.2746
0.473495 60.1431
0.473495 60.1431
0.50943 62.7699
0.50943 62.7699
0.539566 64.8267
0.539566 64.8267
0.576355 67.1675
0.576355 67.1675
0.613251 69.3385
0.613251 69.3385
0.641693 70.9024
0.641693 70.9024
0.673279 72.5266
0.673279 72.5266
0.71051 74.317
0.71051 74.317
0.73912 75.5948
0.73912 75.5948
0.773956 77.0457
0.773956 77.0457
0.807037 78.3199
0.807037 78.3199
0.841293 79.5534
0.841293 79.5534
0.878693 80.7896
0.878693 80.7896
0.911713 81.796
0.911713 81.796
0.942459 82.6669
0.942459 82.6669
0.978378 83.6014
0.978378 83.6014
1.01195 84.4069
1.01195 84.4069
1.04269 85.0832
1.04269 85.0832
1.07881 85.8183
1.07881 85.8183
1.10718 86.3498
1.10718 86.3498
1.14174 86.9395
1.14174 86.9395
1.17665 87.4828
1.17665 87.4828
1.21017 87.9546
1.21017 87.9546
1.24242 88.3682
1.24242 88.3682
1.27225 88.7141
1.27225 88.7141
1.29993 89.0062
1.29993 89.0062
1.32999 89.2915
1.32999 89.2915
1.35997 89.5486
1.35997 89.5486
1.39278 89.7963
1.39278 89.7963
1.42896 90.0296
1.42896 90.0296
1.46059 90.2116
1.46059 90.2116
1.48854 90.3508
1.48854 90.3508
1.52425 90.5006
1.52425 90.5006
1.55556 90.6059
1.55556 90.6059
1.58946 90.6866
1.58946 90.6866
1.62192 90.7489
1.62219 90.748
1.655 90.7954
1.655 90.7954
1.68991 90.8226
1.68991 90.8226
1.72456 90.8278
1.72456 90.8278
1.76064 90.813
1.76064 90.813
1.79556 90.7785
1.79556 90.7785
1.83221 90.723
1.83221 90.723
1.86958 90.6497
1.86958 90.6497
1.90703 90.555
1.90703 90.555
1.94037 90.4597
1.94037 90.4597
1.96864 90.3679
1.96864 90.3679
2.00124 90.2559
2.00124 90.2559
2.03145 90.1418
2.03145 90.1418
2.06729 89.993
2.06729 89.993
2.09697 89.864
2.09697 89.864
2.13162 89.7012
2.13162 89.7012
2.16212 89.5505
2.16212 89.5505
2.19456 89.3834
2.19456 89.3834
2.22455 89.2181
2.22455 89.2181
2.25948 89.0182
2.25948 89.0182
2.2901 88.8402
2.2901 88.8402
2.31915 88.6691
2.31915 88.6691
2.35628 88.4428
2.35628 88.4428
2.38637 88.2512
2.38637 88.2512
2.41454 88.0707
2.41454 88.0707
2.45023 87.8348
2.45023 87.8348
2.48048 87.6309
2.48048 87.6309
2.51195 87.4127
2.51195 87.4127
2.548 87.1561
2.548 87.1561
2.5793 86.9304
2.5793 86.9304
2.61345 86.6835
2.61345 86.6835
2.64867 86.4229
2.64867 86.4229
2.67865 86.187
2.67865 86.187
2.70929 85.9502
2.70929 85.9502
2.74016 85.7176
2.74016 85.7176
2.77278 85.4646
2.77278 85.4646
2.80731 85.1808
2.80731 85.1808
2.83569 84.9593
2.83569 84.9593
2.86464 84.7321
2.86464 84.7321
2.90012 84.4498
2.90012 84.4498
2.93523 84.1673
2.93523 84.1673
2.96796 83.8983
2.96796 83.8983
2.99756 83.652
2.99756 83.652
3.03197 83.3653
3.03197 83.3653
3.06343 83.1036
3.06343 83.1036
3.09317 82.851
3.09317 82.851
3.12874 82.5514
3.12874 82.5514
3.16403 82.2519
3.16403 82.2519
3.20088 81.9231
3.20088 81.9231
3.23 81.6736
3.23 81.6736
3.26678 81.3467
3.26678 81.3467
3.29915 81.0674
3.29915 81.0674
3.32913 80.8057
3.32913 80.8057
3.36067 80.5269
3.36067 80.5269
3.39081 80.2643
3.39081 80.2643
3.42464 79.9629
3.42464 79.9629
3.45978 79.6521
3.45978 79.6521
3.4958 79.3329
3.4958 79.3329
3.52579 79.0628
3.52579 79.0628
3.55589 78.7865
3.55589 78.7865
3.58588 78.5159
3.58588 78.5159
3.61475 78.252
3.61475 78.252
3.64473 77.9732
3.64473 77.9732
3.67471 77.6881
3.67471 77.6881
3.7074 77.3843
3.7074 77.3843
3.74127 77.0735
3.74127 77.0735
3.77028 76.8069
3.77028 76.8069
3.80026 76.5295
3.80026 76.5295
3.83025 76.2422
3.83025 76.2422
3.86374 75.9251
3.86374 75.9251
3.89935 75.5914
3.89935 75.5914
3.93608 75.2458
3.93608 75.2458
3.97166 74.913
3.97166 74.913
4.00662 74.5857
4.00662 74.5857
4.04407 74.2316
4.04407 74.2316
4.07481 73.9392
4.07481 73.9392
4.11032 73.5971
4.11032 73.5971
4.14377 73.2774
4.14377 73.2774
4.17288 72.999
4.17288 72.999
4.20287 72.7042
4.20287 72.7042
4.23988 72.341
4.23988 72.341
4.26987 72.0473
4.26987 72.0473
4.30408 71.7096
4.30408 71.7096
4.33894 71.3712
4.33894 71.3712
4.37549 71.0126
4.37549 71.0126
4.40547 70.7161
4.40547 70.7161
4.43465 70.4257
4.43465 70.4257
4.46489 70.1262
4.46489 70.1262
4.49509 69.8253
4.49509 69.8253
4.52341 69.5415
4.52341 69.5415
4.55809 69.1954
4.55809 69.1954
4.58807 68.8893
4.58807 68.8893
4.61684 68.5905
4.61684 68.5905
4.64853 68.2704
4.64853 68.2704
4.68529 67.8947
4.68529 67.8947
4.71768 67.5644
4.71768 67.5644
4.75473 67.1823
4.75473 67.1823
4.79099 66.8082
4.79099 66.8082
4.82617 66.4424
4.82617 66.4424
4.8551 66.1432
4.8551 66.1432
4.88651 65.8156
4.88651 65.8156
4.91507 52.919
4.91507 52.919
4.94505 16.4816
4.94505 16.4816
4.97659 -19.2717
4.97659 -19.2717
5.00504 -49.3692
5.00504 -49.3692
5.04102 -77.5079
5.04102 -77.5079
5.06981 -93.7944
5.06981 -93.7944
5.10072 -110.009
5.10072 -110.009
5.13638 -127.149
5.13638 -127.149
5.16637 -140.379
5.16637 -140.379
5.1965 -152.645
5.1965 -152.645
5.22649 -163.933
5.22649 -163.933
5.25432 -173.617
5.25432 -173.617
5.29115 -185.381
5.29115 -185.381
5.32124 -194.143
5.32124 -194.143
5.35071 -202.073
5.35071 -202.073
5.38069 -209.52
5.38069 -209.52
5.41222 -216.708
5.41222 -216.708
5.44835 -224.205
5.44835 -224.205
5.47833 -229.874
5.47833 -229.874
5.51529 -236.217
5.51529 -236.217
5.55132 -241.781
5.55132 -241.781
5.5813 -245.991
5.5813 -245.991
5.61626 -250.437
5.61626 -250.437
5.64569 -253.833
5.64569 -253.833
5.68181 -257.6
5.68181 -257.6
5.71371 -260.587
5.71371 -260.587
5.74548 -263.279
5.74548 -263.279
5.78166 -266.013
5.78166 -266.013
5.81161 -268.028
5.81161 -268.028
5.84122 -269.835
5.84122 -269.835
5.87039 -271.429
5.87039 -271.429
5.90346 -273.044
5.90346 -273.044
5.94011 -274.604
5.94011 -274.604
5.97182 -275.777
5.97182 -275.777
6.00594 -276.869
6.00594 -276.869
6.04114 -277.835
6.04114 -277.835
6.07103 -278.529
6.07103 -278.529
6.10078 -279.119
6.10078 -279.119
6.13609 -279.695
6.13609 -279.695
6.16838 -280.114
6.16838 -280.114
6.20271 -280.459
6.20271 -280.459
6.23769 -280.713
6.23769 -280.713
6.26907 -280.861
6.26907 -280.861
6.29906 -280.941
6.29906 -280.941
6.32904 -280.957
6.32904 -280.957
6.36343 -280.913
6.36343 -280.913
6.3983 -280.812
6.3983 -280.812
6.42601 -280.69
6.42601 -280.69
6.4581 -280.509
6.4581 -280.509
6.49138 -280.277
6.49138 -280.277
6.52136 -280.031
6.52136 -280.031
6.55598 -279.706
6.55598 -279.706
6.58423 -279.421
6.58423 -279.421
6.61539 -279.075
6.61539 -279.075
6.64917 -278.678
6.64917 -278.678
6.68044 -278.286
6.68044 -278.286
6.71274 -277.864
6.71274 -277.864
6.74312 -277.445
6.74312 -277.445
6.77185 -277.039
6.77185 -277.039
6.80786 -276.511
6.80786 -276.511
6.83565 -276.092
6.83565 -276.092
6.86563 -275.627
6.86563 -275.627
6.90015 -275.079
6.90015 -275.079
6.93437 -274.532
6.93437 -274.532
6.97134 -273.93
6.97134 -273.93
7.0042 -273.386
7.0042 -273.386
7.03983 -272.793
7.03983 -272.793
7.0717 -272.26
7.0717 -272.26
7.10168 -271.754
7.10168 -271.754
7.13797 -271.128
7.13797 -271.128
7.16795 -270.62
7.16795 -270.62
7.19829 -270.094
7.19829 -270.094
7.2283 -269.587
7.2283 -269.587
7.26344 -268.992
7.26344 -268.992
7.29218 -268.509
7.29218 -268.509
7.32216 -268.002
7.32216 -268.002
7.35893 -267.379
7.35893 -267.379
7.395 -266.778
7.395 -266.778
7.42519 -266.273
7.42519 -266.273
7.46129 -265.677
7.46129 -265.677
7.49565 -265.111
7.49565 -265.111
7.52568 -264.621
7.52568 -264.621
7.55981 -264.069
7.55981 -264.069
7.59677 -263.474
7.59677 -263.474
7.62627 -263.002
7.62627 -263.002
7.65907 -262.486
7.65907 -262.486
7.69267 -261.964
7.69267 -261.964
7.72125 -261.522
7.72125 -261.522
7.75797 -260.962
7.75797 -260.962
7.78773 -260.509
7.78773 -260.509
7.81993 -260.028
7.81993 -260.028
7.85078 -259.567
7.85078 -259.567
7.88287 -259.097
7.88287 -259.097
7.91286 -258.653
7.91286 -258.653
7.94775 -258.126
7.94775 -258.126
7.98056 -257.663
8.0041 -257.331
8.01926 -262.523
8.02203 -259.802
8.05939 -192.502
8.05939 -192.502
8.09608 -131.479
8.09608 -131.479
8.13185 -76.4207
8.13185 -76.4207
8.16458 -29.6028
8.16458 -29.6028
8.19276 8.23914
8.19276 8.23914
8.22697 51.2346
8.22697 51.2346
8.2637 94.066
8.2637 94.066
8.29401 127.075
8.29401 127.075
8.3239 157.661
8.3239 157.661
8.35864 182.592
8.35864 182.592
8.39375 203.047
8.39923 206.08
8.43607 180.683
8.43607 180.683
8.46947 159.5
8.46947 159.5
8.49945 141.806
8.49945 141.806
8.52812 126.011
8.52812 126.011
8.56245 108.437
8.56245 108.437
8.59903 91.207
8.59903 91.207
8.6283 78.4248
8.6283 78.4248
8.66154 64.8943
8.67595 59.3474
8.70634 94.3227
8.70634 94.3227
8.74289 135.415
8.74289 135.415
8.77426 166.748
8.79373 174.192
8.82957 143.195
8.82957 143.195
8.86684 113.542
8.86684 113.542
8.90405 86.3072
8.90405 86.3072
8.93784 63.4995
8.93784 63.4995
8.97379 41.0426
8.97379 41.0426
9.00749 21.5715
9.00749 21.5715
9.04141 3.4082
9.04141 3.4082
9.07523 -13.351
9.07523 -13.351
9.10735 -28.1801
9.10735 -28.1801
9.14339 -43.597
9.14339 -43.597
9.17337 -55.5136
9.17337 -55.5136
9.20345 -66.6862
9.20345 -66.6862
9.24086 -79.5795
9.24086 -79.5795
9.27084 -89.1869
9.27084 -89.1869
9.30389 -99.05
9.30389 -99.05
9.33725 -108.308
9.33725 -108.308
9.36723 -116.206
9.36723 -116.206
9.40393 -125.706
9.40393 -125.706
9.43161 -132.762
9.43161 -132.762
9.46159 -140.259
9.46159 -140.259
9.49561 -148.584
9.49561 -148.584
9.52957 -156.732
9.52957 -156.732
9.56276 -164.503
9.56276 -164.503
9.59451 -171.762
9.59451 -171.762
9.6252 -178.606
9.6252 -178.606
9.66074 -186.314
9.66074 -186.314
9.69516 -193.554
9.69516 -193.554
9.72377 -199.409
9.72377 -199.409
9.75375 -205.393
9.75375 -205.393
9.78355 -211.177
9.78355 -211.177
9.81418 -216.954
9.81418 -216.954
9.84938 -223.383
9.84938 -223.383
9.88202 -229.151
9.88202 -229.151
9.91905 -235.478
9.91905 -235.478
9.94904 -240.426
9.94904 -240.426
9.98582 -246.288
9.98582 -246.288
10.0216 -251.788
10.0216 -251.788
10.0583 -257.167
10.0583 -257.167
10.0939 -261.731
10.0939 -261.731
10.1216 -264.797
10.1216 -264.797
10.1572 -268.182
10.1572 -268.182
10.1936 -271.093
10.1936 -271.093
10.2282 -273.371
10.2282 -273.371
10.2613 -275.16
10.2613 -275.16
10.2929 -276.543
10.2929 -276.543
10.3278 -277.755
10.3278 -277.755
10.3617 -278.643
10.3617 -278.643
10.3917 -279.212
10.3917 -279.212
10.4212 -279.588
10.4212 -279.588
10.4586 -279.849
10.4586 -279.849
10.4866 -279.903
10.4876 -279.901
10.5155 -279.839
10.5155 -279.839
10.5528 -279.6
10.5528 -279.6
10.5831 -279.292
10.5831 -279.292
10.6158 -278.865
10.6158 -278.865
10.6458 -278.381
10.6458 -278.381
10.6787 -277.773
10.6787 -277.773
10.7138 -277.065
10.7138 -277.065
10.7459 -276.521
10.7459 -276.521
10.7759 -276.355
10.7805 -276.362
10.8132 -276.58
10.8132 -276.58
10.8483 -277.167
10.8483 -277.167
10.8821 -278.032
10.8821 -278.032
10.9121 -278.988
10.9121 -278.988
10.9452 -280.223
10.9452 -280.223
10.9752 -281.518
10.9752 -281.518
11.0091 -283.127
11.0091 -283.127
11.0439 -284.938
11.0439 -284.938
11.0755 -286.691
11.0755 -286.691
11.1105 -288.732
11.1105 -288.732
11.1389 -290.448
11.1389 -290.448
11.1689 -292.305
11.1689 -292.305
11.2005 -294.298
11.2005 -294.298
11.2305 -296.215
11.2305 -296.215
11.2639 -298.39
11.2639 -298.39
11.2939 -300.357
11.2939 -300.357
11.3237 -302.319
11.3237 -302.319
11.3574 -304.536
11.3574 -304.536
11.3873 -306.494
11.3873 -306.494
11.4248 -308.921
11.4248 -308.921
11.4541 -310.832
11.4541 -310.832
11.4841 -312.755
11.4841 -312.755
11.5174 -314.865
11.5174 -314.865
11.5482 -316.8
11.5482 -316.8
11.5853 -319.088
11.5853 -319.088
11.6177 -321.035
11.6177 -321.035
11.6454 -322.693
11.6454 -322.693
11.6729 -324.308
11.6729 -324.308
11.7054 -326.176
11.7054 -326.176
11.7379 -328.014
11.7379 -328.014
11.7674 -329.646
11.7674 -329.646
11.8022 -331.527
11.8022 -331.527
11.8395 -333.49
11.8395 -333.49
11.8702 -335.056
11.8702 -335.056
11.8978 -336.443
11.8978 -336.443
11.9337 -338.197
11.9337 -338.197
11.9682 -339.83
11.9682 -339.83
11.9998 -341.08
11.9998 -341.08
12.0292 -341.829
12.0292 -341.829
12.0608 -345.987
12.0608 -345.987
12.0961 -314.721
12.0961 -314.721
12.1282 -287.821
12.1282 -287.821
12.1638 -259.619
12.1638 -259.619
12.1956 -235.747
12.1956 -235.747
12.2289 -212.104
12.2289 -212.104
12.2624 -189.606
12.2624 -189.606
12.2994 -166.154
12.2994 -166.154
12.3362 -144.658
12.3362 -144.658
12.3723 -125.296
12.3723 -125.296
12.4066 -108.42
12.4066 -108.42
12.4379 -94.1612
12.4379 -94.1612
12.4742 -78.8994
12.4742 -78.8994
12.5042 -67.2543
12.5042 -67.2543
12.5408 -54.1554
12.5408 -54.1554
12.5762 -42.5343
12.5762 -42.5343
12.6087 -32.7003
12.6087 -32.7003
12.6402 -23.8867
12.6402 -23.8867
12.6728 -15.47
12.6728 -15.47
12.7023 -8.40271
12.7023 -8.40271
12.7354 -1.04767
12.7354 -1.04767
12.7681 5.63309
12.7681 5.63309
12.798 11.3145
12.798 11.3145
12.832 17.2507
12.832 17.2507
12.8636 22.3302
12.8636 22.3302
12.8936 26.7993
12.8936 26.7993
12.9287 31.6058
12.9287 31.6058
12.9651 36.1351
12.9651 36.1351
12.9951 39.5641
12.9951 39.5641
13.029 43.1238
13.029 43.1238
13.0637 46.4441
13.0637 46.4441
13.0943 49.1171
13.0943 49.1171
13.1299 51.9661
13.1299 51.9661
13.1629 54.3564
13.1629 54.3564
13.1907 56.207
13.1907 56.207
13.2256 58.3202
13.2256 58.3202
13.2614 60.2779
13.2614 60.2779
13.2952 61.9292
13.2952 61.9292
13.325 63.2483
13.325 63.2483
13.3598 64.6342
13.3598 64.6342
13.3972 65.9549
13.3972 65.9549
13.4324 67.0523
13.4324 67.0523
13.4664 67.9855
13.4664 67.9855
13.4971 68.727
13.4971 68.727
13.5305 69.4365
13.5305 69.4365
13.5663 70.0856
13.5663 70.0856
13.6016 70.6277
13.6016 70.6277
13.6338 71.0435
13.6338 71.0435
13.6689 71.418
13.6689 71.418
13.6989 71.6782
13.6989 71.6782
13.7301 71.8915
13.7301 71.8915
13.7643 72.0636
13.7643 72.0636
13.7988 72.18
13.7988 72.18
13.8294 72.2368
13.8294 72.2368
13.8605 72.2585
13.8605 72.2585
13.8963 72.2316
13.8963 72.2316
13.9312 72.1596
13.9312 72.1596
13.9602 72.0709
13.9602 72.0709
13.9898 71.9522
13.9898 71.9522
14.0198 71.8091
14.0198 71.8091
14.0494 71.6534
14.0494 71.6534
14.0794 71.4619
14.0794 71.4619
14.114 71.2192
14.114 71.2192
14.1439 70.9904
14.1439 70.9904
14.1793 70.7045
14.1793 70.7045
14.2093 70.4373
14.2093 70.4373
14.2423 70.1276
14.2423 70.1276
14.2739 69.816
14.2739 69.816
14.3047 69.5004
14.3047 69.5004
14.3409 69.1112
14.3409 69.1112
14.3709 68.7779
14.3709 68.7779
14.4066 68.372
14.4066 68.372
14.444 67.9355
14.444 67.9355
14.4776 67.536
14.4776 67.536
14.5079 67.1703
14.5079 67.1703
14.5423 66.7461
14.5423 66.7461
14.5747 66.3438
14.5747 66.3438
14.6047 65.9662
14.6047 65.9662
14.6347 65.5894
14.6347 65.5894
14.67 65.1416
14.67 65.1416
14.7069 64.6696
14.7069 64.6696
14.7369 64.2831
14.7369 64.2831
14.771 63.8445
14.771 63.8445
14.8033 63.4268
14.8033 63.4268
14.8333 63.04
14.8333 63.04
14.8641 62.6413
14.8641 62.6413
14.893 62.2713
14.893 62.2713
14.926 61.846
14.9344 61.7383
14.964 70.9586
14.964 70.9586
14.9939 79.7511
14.9939 79.7511
15.0264 88.7778
15.0264 88.7778
15.059 97.3134
15.059 97.3134
15.09 104.974
15.09 104.974
15.1275 113.672
15.1275 113.672
15.1625 121.266
15.1625 121.266
15.1925 127.427
15.1925 127.427
15.2246 133.671
15.2246 133.671
15.2589 139.969
15.2589 139.969
15.2906 145.472
15.2906 145.472
15.3258 151.247
15.3258 151.247
15.3594 156.45
15.3594 156.45
15.3953 161.693
15.3953 161.693
15.4292 166.38
15.4292 166.38
15.4614 170.601
15.4614 170.601
15.4896 174.129
15.4896 174.129
15.5196 177.712
15.5196 177.712
15.556 181.839
15.556 181.839
15.5916 185.667
15.5916 185.667
15.6216 188.737
15.6216 188.737
15.6577 192.249
15.6577 192.249
15.6946 195.657
15.6946 195.657
15.7255 198.365
15.7255 198.365
15.7602 201.279
15.7602 201.279
15.7955 204.108
15.7955 204.108
15.8279 206.581
15.8279 206.581
15.8573 208.74
15.8626 207.364
15.8905 200.353
15.8905 200.353
15.9187 193.632
15.9187 193.632
15.9484 186.943
15.9484 186.943
15.9819 179.861
15.9819 179.861
16.0112 174.018
16.0112 174.018
16.0441 167.828
16.0441 167.828
16.0741 162.506
16.0741 162.506
16.1085 156.747
16.1085 156.747
16.1448 151.079
16.1448 151.079
16.1813 145.739
16.1813 145.739
16.2177 140.745
16.2177 140.745
16.2548 135.997
16.2548 135.997
16.2899 131.774
16.2899 131.774
16.3178 128.599
16.3178 128.599
16.3459 125.555
16.3459 125.555
16.3798 122.076
16.3798 122.076
16.4113 119.023
16.4113 119.023
16.4413 116.254
16.4413 116.254
16.4713 113.613
16.4713 113.613
16.5 111.199
16.5 111.199
16.53 118.512
16.53 118.512
16.5645 126.436
16.5645 126.436
16.5976 133.622
16.5976 133.622
16.6341 141.042
16.6341 141.042
16.6659 147.128
16.6659 147.128
16.6959 152.565
16.6959 152.565
16.729 158.24
16.729 158.24
16.7593 163.159
16.7593 163.159
16.7912 168.075
16.7912 168.075
16.8226 172.644
16.8226 172.644
16.8526 176.801
16.8526 176.801
16.8826 180.751
16.8826 180.751
16.9107 184.299
16.9107 184.299
16.9389 187.694
16.9389 187.694
16.9701 191.288
16.9701 191.288
17.0018 194.75
17.0018 194.75
17.035 198.208
17.035 198.208
17.0723 201.888
17.0927 203.813
17.1297 195.233
17.1297 195.233
17.164 187.825
17.164 187.825
17.1953 181.492
17.1953 181.492
17.2266 175.503
17.2266 175.503
17.2602 169.473
17.2602 169.473
17.2961 163.438
17.2961 163.438
17.333 157.64
17.333 157.64
17.3687 152.391
17.3687 152.391
17.3967 148.526
17.3967 148.526
17.4294 144.228
17.4294 144.228
17.4569 140.815
17.4569 140.815
17.4869 137.274
17.4869 137.274
17.5182 133.773
17.5182 133.773
17.547 130.731
17.547 130.731
17.577 127.724
17.577 127.724
17.6069 124.86
17.6069 124.86
17.6435 121.564
17.6435 121.564
17.6745 118.921
17.6882 117.806
17.721 125.835
17.721 125.835
17.7568 134.04
17.7568 134.04
17.7932 141.866
17.7932 141.866
17.8219 147.666
17.8219 147.666
17.8592 154.781
17.8592 154.781
17.8885 160.071
17.8885 160.071
17.9194 165.332
17.9194 165.332
17.9538 170.895
17.9538 170.895
17.9912 176.568
17.9912 176.568
18.0212 180.875
18.0212 180.875
18.0564 185.658
18.0564 185.658
18.0918 190.209
18.0918 190.209
18.1204 193.7
18.1204 193.7
18.154 197.596
18.154 197.596
18.1892 201.464
18.1892 201.464
18.2219 204.879
18.2219 204.879
18.2574 208.401
18.2574 208.401
18.2863 211.142
18.2952 211.966
18.3255 204.859
18.3255 204.859
18.3551 198.315
18.3551 198.315
18.3844 192.185
18.3844 192.185
18.4154 186.059
18.4154 186.059
18.4453 180.501
18.4453 180.501
18.4779 174.785
18.4779 174.785
18.5115 169.238
18.5115 169.238
18.5398 164.839
18.5398 164.839
18.5735 159.888
18.5735 159.888
18.6089 154.999
18.6089 154.999
18.6458 150.227
18.6458 150.227
18.6761 146.536
18.6761 146.536
18.7133 142.272
18.7133 142.272
18.7443 138.927
18.7443 138.927
18.7732 135.964
18.7732 135.964
18.8075 132.646
18.8075 132.646
18.8363 130.001
18.8396 130.813
18.8684 137.583
18.8684 137.583
18.9039 145.463
18.9039 145.463
18.935 151.953
18.935 151.953
18.9653 157.948
18.9653 157.948
18.9952 163.539
18.9952 163.539
19.0283 169.388
19.0283 169.388
19.062 175.009
19.062 175.009
19.0919 179.743
19.0919 179.743
19.1219 184.228
19.1219 184.228
19.1588 189.453
19.1588 189.453
19.1895 193.555
19.1895 193.555
19.2194 197.38
19.2194 197.38
19.2568 201.892
19.2568 201.892
19.2935 206.067
19.2935 206.067
19.3212 209.072
19.3212 209.072
19.3522 212.277
19.3522 212.277
19.3841 215.403
19.3841 215.403
19.4182 218.598
19.4182 218.598
19.4551 221.871
19.4551 221.871
19.4872 224.588
19.4879 224.421
19.5181 217.086
19.5181 217.086
19.5505 209.676
19.5505 209.676
19.5805 203.204
19.5805 203.204
19.6105 197.079
19.6105 197.079
19.6469 190.065
19.6469 190.065
19.6766 184.757
19.6766 184.757
19.7114 178.86
19.7114 178.86
19.7489 172.941
19.7489 172.941
19.7829 167.894
19.7829 167.894
19.8165 163.2
19.8165 163.2
19.8495 158.878
19.8495 158.878
19.8771 155.436
19.8771 155.436
19.9144 151.048
19.9144 151.048
19.9445 147.702
19.9445 147.702
19.9756 144.434
19.9854 143.434
20.0227 151.779
20.0227 151.779
20.0566 158.897
20.0566 158.897
20.0866 164.818
20.0866 164.818
20.1173 170.556
20.1173 170.556
20.1498 176.303
20.1498 176.303
20.1777 180.976
20.1777 180.976
20.2111 186.271
20.2111 186.271
20.2431 191.07
20.2431 191.07
20.2738 195.43
20.2738 195.43
20.3034 199.41
20.3034 199.41
20.3346 203.406
20.3346 203.406
20.3646 207.057
20.3646 207.057
20.3952 210.603
20.3952 210.603
20.4236 213.729
20.4236 213.729
20.4548 217.016
20.4548 217.016
20.4825 219.794
20.4825 219.794
20.5125 222.666
20.5125 222.666
20.5451 225.638
20.5451 225.638
20.5777 228.472
20.5777 228.472
20.6111 231.239
20.6111 231.239
20.6454 233.929
20.6454 233.929
20.6754 236.172
20.6754 236.172
20.7053 238.303
20.7291 239.952
20.7586 232.354
20.7586 232.354
20.7951 223.522
20.7951 223.522
20.8226 217.251
20.8226 217.251
20.8578 209.696
20.8578 209.696
20.8941 202.403
20.8941 202.403
20.931 195.487
20.931 195.487
20.9679 189.011
20.9679 189.011
20.9984 183.981
20.9984 183.981
21.0345 178.364
21.0345 178.364
21.0628 174.207
21.0628 174.207
21.095 169.718
21.095 169.718
21.1259 165.646
21.1259 165.646
21.1575 161.686
21.1575 161.686
21.1898 157.843
21.1919 158.296
21.2241 165.062
21.2241 165.062
21.2573 171.624
21.2573 171.624
21.2929 178.239
21.2929 178.239
21.3231 183.504
21.3231 183.504
21.3521 188.307
21.3521 188.307
21.3859 193.593
21.3859 193.593
21.4225 198.959
21.4225 198.959
21.4516 202.988
21.4516 202.988
21.484 207.231
21.484 207.231
21.518 211.443
21.518 211.443
21.548 214.957
21.548 214.957
21.5842 218.957
21.5842 218.957
21.6212 222.81
21.6212 222.81
21.6494 225.604
21.6494 225.604
21.6777 228.265
21.6777 228.265
21.715 231.594
21.715 231.594
21.745 234.134
21.745 234.134
21.7812 237.048
21.7812 237.048
21.8112 239.342
21.8112 239.342
21.8412 241.522
21.8412 241.522
21.8772 244.021
21.8772 244.021
21.9099 246.172
21.9099 246.172
21.9414 248.154
21.9414 248.154
21.9786 250.389
21.9786 250.389
22.0117 252.272
22.0117 252.272
22.0434 243.743
22.0434 243.743
22.079 234.754
22.079 234.754
22.109 227.64
22.109 227.64
22.1384 221.023
22.1384 221.023
22.1757 213.143
22.1757 213.143
22.209 206.531
22.209 206.531
22.239 200.917
22.239 200.917
22.2675 195.85
22.2675 195.85
22.2957 191.078
22.2957 191.078
22.3236 186.577
22.3236 186.577
22.3557 181.685
22.3557 181.685
22.3858 177.319
22.3858 177.319
22.4158 173.192
22.4158 173.192
22.4402 169.986
22.4501 172.006
22.4876 179.24
22.4876 179.24
22.5237 185.739
22.5237 185.739
22.5524 190.601
22.5524 190.601
22.5824 195.416
22.5824 195.416
22.6143 200.24
22.6143 200.24
22.643 204.368
22.643 204.368
22.6777 209.058
22.6777 209.058
22.7141 213.676
22.7141 213.676
22.7511 218.077
22.7511 218.077
22.7846 221.818
22.7846 221.818
22.8137 224.894
22.8137 224.894
22.8483 228.36
22.8483 228.36
22.877 231.095
22.877 231.095
22.907 233.8
22.907 233.8
22.9345 236.165
22.9345 236.165
22.9653 238.696
22.9653 238.696
22.9971 241.172
22.9971 241.172
23.0324 243.783
23.0324 243.783
23.0625 245.893
23.0625 245.893
23.0982 248.276
23.0982 248.276
23.1318 250.4
23.1318 250.4
23.1671 252.516
23.1671 252.516
23.2046 254.641
23.2046 254.641
23.237 256.377
23.237 256.377
23.2704 258.092
23.2704 258.092
23.3039 259.736
23.3039 259.736
23.3411 261.462
23.3411 261.462
23.3774 263.072
23.3901 263.615
23.4254 253.732
23.4254 253.732
23.4554 245.793
23.4554 245.793
23.4924 236.569
23.4924 236.569
23.5211 229.847
23.5211 229.847
23.5555 222.251
23.5555 222.251
23.5851 216.067
23.5851 216.067
23.6151 210.131
23.6151 210.131
23.6478 204.003
23.6478 204.003
23.6833 197.735
23.6833 197.735
23.7171 192.11
23.7171 192.11
23.7465 187.484
23.7465 187.484
23.7773 182.87
23.7797 183.311
23.8167 189.949
23.8167 189.949
23.8528 195.999
23.8528 195.999
23.8871 201.358
23.8871 201.358
23.9199 206.181
23.9199 206.181
23.9523 210.669
23.9523 210.669
23.983 214.668
23.983 214.668
24.02 219.199
24.02 219.199
24.0487 222.504
24.0487 222.504
24.0815 226.086
24.0815 226.086
24.1115 229.18
24.1115 229.18
24.1477 232.698
24.1477 232.698
24.1777 235.456
24.1777 235.456
24.2077 238.066
24.2077 238.066
24.2404 240.77
24.2404 240.77
24.2704 243.118
24.2704 243.118
24.305 245.682
24.305 245.682
24.335 247.785
24.335 247.785
24.3708 250.174
24.3708 250.174
24.4069 252.445
24.4069 252.445
24.4441 254.649
24.4441 254.649
24.4719 256.214
24.4719 256.214
24.5029 257.881
24.5029 257.881
24.5361 259.582
24.5361 259.582
24.5722 261.335
24.5722 261.335
24.6022 262.719
24.6022 262.719
24.6308 263.981
24.6308 263.981
24.6609 265.258
24.6609 265.258
24.6913 266.495
24.6913 266.495
24.7246 267.793
24.7246 267.793
24.7546 268.907
24.7546 268.907
24.7868 270.054
24.7868 270.054
24.8168 271.078
24.8168 271.078
24.8499 272.156
24.8499 272.156
24.8776 273.031
24.9037 273.83
24.9372 263.967
24.9372 263.967
24.9681 255.417
24.9681 255.417
25.0013 246.747
25.0013 246.747
25.0353 238.414
25.0353 238.414
25.0703 230.332
25.0703 230.332
25.1022 223.394
25.1022 223.394
25.1394 215.786
25.1394 215.786
25.1767 208.635
25.1767 208.635
25.2058 203.381
25.2058 203.381
25.2348 198.39
25.2348 198.39
25.2712 192.45
25.2712 192.45
25.2922 189.187
25.3037 191.236
25.3376 197.008
25.3376 197.008
25.3739 202.779
25.3739 202.779
25.407 207.709
25.407 207.709
25.4382 212.079
25.4382 212.079
25.4676 215.951
25.4676 215.951
25.5011 220.133
25.5011 220.133
25.5311 223.651
25.5311 223.651
25.5661 227.516
25.5661 227.516
25.5961 230.641
25.5961 230.641
25.6261 233.593
25.6261 233.593
25.6564 236.419
25.6564 236.419
25.6923 239.58
25.6923 239.58
25.7256 242.332
25.7256 242.332
25.7613 245.117
25.7613 245.117
25.7931 247.462
25.7931 247.462
25.8231 249.551
25.8231 249.551
25.8538 251.583
25.8538 251.583
25.8838 253.472
25.8838 253.472
25.9157 255.388
25.9157 255.388
25.9457 257.094
25.9457 257.094
25.9736 258.609
25.9736 258.609
26.0081 260.394
26.0081 260.394
26.0423 262.066
26.0423 262.066
26.075 263.589
26.075 263.589
26.1066 264.984
26.1066 264.984
26.1412 266.44
26.1412 266.44
26.1719 267.668
26.1719 267.668
26.2005 268.764
26.2005 268.764
26.2361 270.07
26.2361 270.07
26.268 271.188
26.268 271.188
26.2986 272.207
26.2986 272.207
26.3288 273.184
26.3288 273.184
26.3656 274.317
26.3656 274.317
26.3955 275.195
26.3955 275.195
26.4254 276.043
26.4254 276.043
26.4561 276.874
26.4561 276.874
26.4886 277.726
26.4886 277.726
26.5171 278.438
26.5171 278.438
26.5457 279.13
26.5457 279.13
26.5802 279.931
26.6028 280.437
26.6316 271.71
26.6316 271.71
26.6634 262.608
26.6634 262.608
26.6932 254.552
26.6932 254.552
26.7266 246.016
26.7266 246.016
26.7566 238.776
26.7566 238.776
26.7865 231.907
26.7865 231.907
26.8185 224.99
26.8185 224.99
26.8494 218.655
26.8494 218.655
26.8835 212.035
26.8835 212.035
26.9169 205.927
26.9169 205.927
26.9468 200.723
26.9468 200.723
26.9829 194.8
26.9829 194.8
27.0143 200.087
27.0143 200.087
27.0516 205.952
27.0516 205.952
27.082 210.421
27.082 210.421
27.1175 215.331
27.1175 215.331
27.1467 219.118
27.1467 219.118
27.1782 222.973
27.1782 222.973
27.215 227.197
27.215 227.197
27.245 230.432
27.245 230.432
27.2749 233.487
27.2749 233.487
27.309 236.765
27.309 236.765
27.339 239.483
27.339 239.483
27.3712 242.238
27.3712 242.238
27.407 245.128
27.407 245.128
27.4441 247.932
27.4441 247.932
27.4741 250.074
27.4741 250.074
27.5055 252.198
27.5055 252.198
27.5365 254.19
27.5365 254.19
27.5732 256.414
27.5732 256.414
27.6013 258.023
27.6013 258.023
27.6337 259.799
27.6337 259.799
27.6637 261.353
27.6637 261.353
27.6997 263.119
27.6997 263.119
27.7367 264.84
27.7367 264.84
27.7733 266.44
27.7733 266.44
27.802 267.64
27.802 267.64
27.832 268.836
27.832 268.836
27.869 270.238
27.869 270.238
27.9056 271.55
27.9056 271.55
27.9421 272.793
27.9421 272.793
27.9713 273.743
27.9713 273.743
28.0042 274.77
28.0042 274.77
28.0371 275.757
28.0371 275.757
28.0712 276.731
28.0712 276.731
28.1012 277.548
28.1012 277.548
28.13 278.301
28.13 278.301
28.1649 279.18
28.1649 279.18
28.1985 279.989
28.1985 279.989
28.2321 280.771
28.2321 280.771
28.2621 281.434
28.2621 281.434
28.2921 282.069
28.2921 282.069
28.3226 282.697
28.3226 282.697
28.3509 283.26
28.3509 283.26
28.3831 283.876
28.3831 283.876
28.4131 284.428
28.4131 284.428
28.4473 285.035
28.4473 285.035
28.4796 285.591
28.4796 285.591
28.5126 286.138
28.5126 286.138
28.5471 286.694
28.5724 287.092
28.6048 277.108
28.6048 277.108
28.6358 268.102
28.6358 268.102
28.667 259.53
28.667 259.53
28.7022 250.43
28.7022 250.43
28.7311 243.351
28.7311 243.351
28.7636 235.822
28.7636 235.822
28.7991 228.087
28.7991 228.087
28.8328 221.165
28.8328 221.165
28.8628 215.33
28.8628 215.33
28.8933 209.686
28.8933 209.686
28.9219 204.656
28.932 202.925
28.9642 208.028
28.9642 208.028
29.0 213.356
29.0093 214.673
29.045 186.345
29.045 186.345
29.0783 163.527
29.0783 163.527
29.1149 140.145
29.1149 140.145
29.1518 118.338
29.1518 118.338
29.1866 99.16
29.1866 99.16
29.2226 80.6981
29.2226 80.6981
29.2555 64.9365
29.2555 64.9365
29.2879 50.4672
29.2879 50.4672
29.3227 35.9062
29.3227 35.9062
29.3536 23.7723
29.3536 23.7723
29.3836 12.7272
29.3836 12.7272
29.4136 2.3288
29.4136 2.3288
29.4423 -7.02621
29.4423 -7.02621
29.472 -16.1618
29.472 -16.1618
29.5002 -24.3431
29.5002 -24.3431
29.5348 -33.75
29.5348 -33.75
29.5665 -41.8318
29.5665 -41.8318
29.5979 -49.3184
29.5979 -49.3184
29.6278 -56.0393
29.6278 -56.0393
29.6603 -62.8745
29.6603 -62.8745
29.6903 -68.7859
29.6903 -68.7859
29.7245 -75.0932
29.7245 -75.0932
29.7545 -80.2719
29.7545 -80.2719
29.7905 -86.0748
29.7905 -86.0748
29.8229 -90.9326
29.8229 -90.9326
29.8529 -95.145
29.8529 -95.145
29.886 -99.4919
29.886 -99.4919
29.9221 -108.18
29.9221 -108.18
29.9546 -122.125
29.9546 -122.125
29.9897 -136.215
29.9897 -136.215
30.025 -149.537
30.025 -149.537
30.061 -162.188
30.061 -162.188
30.0896 -171.667
30.0896 -171.667
30.1243 -182.513
30.1243 -182.513
30.1606 -193.125
30.1606 -193.125
30.1919 -201.722
30.1919 -201.722
30.2244 -210.161
30.2244 -210.161
30.2556 -217.803
30.2556 -217.803
30.285 -224.603
30.285 -224.603
30.3126 -230.683
30.3126 -230.683
30.3426 -236.952
30.3426 -236.952
30.3716 -242.701
30.3716 -242.701
30.3957 -247.256
30.4057 -245.79
30.4418 -240.719
30.4418 -240.719
30.4774 -198.226
30.4774 -198.226
30.5074 -151.877
30.5074 -151.877
30.5444 -98.685
30.5444 -98.685
30.575 -57.8079
30.575 -57.8079
30.6112 -12.5835
30.6112 -12.5835
30.6439 25.3447
30.6439 25.3447
30.6791 63.4288
30.6791 63.4288
30.7144 98.8794
30.7144 98.8794
30.7471 129.478
30.7471 129.478
30.7842 161.895
30.7842 161.895
30.813 185.277
30.813 185.277
30.8468 211.109
30.8468 211.109
30.8828 236.748
30.8828 236.748
30.9195 261.023
30.9195 261.023
30.9539 282.162
30.9539 282.162
30.9732 293.396
30.9844 285.532
31.0147 265.126
31.0147 265.126
31.0516 241.773
31.0516 241.773
31.0874 220.564
31.0874 220.564
31.1247 199.896
31.1247 199.896
31.1554 183.941
31.1554 183.941
31.1906 166.656
31.1906 166.656
31.2216 152.356
31.2216 152.356
31.2543 138.106
31.2543 138.106
31.2882 124.154
31.2882 124.154
31.3236 110.471
31.3236 110.471
31.3551 93.5411
31.3551 93.5411
31.3919 60.3723
31.3919 60.3723
31.4278 31.0556
31.4278 31.0556
31.4587 8.04565
31.4587 8.04565
31.496 -17.2314
31.496 -17.2314
31.5282 -36.9998
31.5282 -36.9998
31.5591 -54.3175
31.5591 -54.3175
31.5935 -71.9421
31.5935 -71.9421
31.6307 -89.1481
31.6307 -89.1481
31.6607 -101.739
31.6607 -101.739
31.6968 -115.5
31.6968 -115.5
31.7337 -128.114
31.7531 -134.203
31.7857 -100.054
31.7857 -100.054
31.8159 -56.1124
31.8159 -56.1124
31.8481 -12.484
31.8481 -12.484
31.8781 25.5222
31.8781 25.5222
31.9106 63.9873
31.9106 63.9873
31.9438 92.1716
31.9438 92.1716
31.9776 118.598
31.9776 118.598
32.015 146.109
32.015 146.109
32.045 166.87
32.045 166.87
32.075 186.565
32.075 186.565
32.1084 207.291
32.1084 207.291
32.1402 214.9
32.1402 214.9
32.176 223.444
32.176 223.444
32.2082 191.514
32.2082 191.514
32.2366 165.65
32.2366 165.65
32.2697 137.968
32.2697 137.968
32.3005 114.477
32.3005 114.477
32.3306 93.3441
32.3306 93.3441
32.3651 76.2735
32.3651 76.2735
32.4013 75.1483
32.4013 75.1483
32.4382 73.7976
32.4382 73.7976
32.4736 72.3387
32.4736 72.3387
32.5017 71.0939
32.5017 71.0939
32.5317 69.6857
32.5317 69.6857
32.5653 68.027
32.5653 68.027
32.6021 66.1415
32.6021 66.1415
32.634 64.4582
32.634 64.4582
32.6691 62.5725
32.6691 62.5725
32.7055 60.5907
32.7055 60.5907
32.7357 49.1429
32.7357 49.1429
32.7637 39.0269
32.7637 39.0269
32.7937 28.629
32.7937 28.629
32.8214 19.4279
32.8214 19.4279
32.8556 8.6171
32.8556 8.6171
32.8855 -0.435486
32.8855 -0.435486
32.9153 -9.0303
32.9153 -9.0303
32.9461 -17.5114
32.9461 -17.5114
32.9749 -25.1375
32.9749 -25.1375
33.0064 -33.0872
33.0064 -33.0872
33.0341 -39.7969
33.0341 -39.7969
33.068 -47.6378
33.068 -47.6378
33.1044 -55.6186
33.1044 -55.6186
33.1367 -62.3828
33.1367 -62.3828
33.1667 -68.3875
33.1667 -68.3875
33.2005 -74.8488
33.2005 -74.8488
33.2345 -81.0486
33.2345 -81.0486
33.2656 -86.4609
33.2656 -86.4609
33.3028 -92.63
33.3028 -92.63
33.3374 -98.0913
33.3374 -98.0913
33.3745 -103.647
33.3745 -103.647
33.4043 -107.917
33.4043 -107.917
33.4342 -112.04
33.4342 -112.04
33.4703 -116.769
33.4703 -116.769
33.4991 -121.959
33.4991 -121.959
33.5352 -147.074
33.5352 -147.074
33.5636 -157.351
33.5636 -157.351
33.5995 -167.837
33.5995 -167.837
33.6356 -177.309
33.6356 -177.309
33.6707 -173.462
33.6707 -173.462
33.708 -169.762
33.708 -169.762
33.7397 -166.899
33.7397 -166.899
33.7721 -164.218
33.7721 -164.218
33.8022 -161.921
33.8022 -161.921
33.8355 -159.585
33.8355 -159.585
33.8725 -157.222
33.8725 -157.222
33.9037 -155.379
33.9037 -155.379
33.9325 -153.805
33.9571 -152.537
33.991 -161.83
33.991 -161.83
34.0208 -169.567
34.0208 -169.567
34.0548 -177.951
34.0548 -177.951
34.0846 -184.889
34.0846 -184.889
34.1217 -193.049
34.1217 -193.049
34.1525 -199.419
34.1525 -199.419
34.1881 -206.401
34.1881 -206.401
34.2229 -212.82
34.2229 -212.82
34.2571 -218.769
34.2571 -218.769
34.2871 -223.723
34.2871 -223.723
34.3237 -229.43
34.3237 -229.43
34.3545 -233.973
34.3545 -233.973
34.3837 -238.063
34.3837 -238.063
34.4186 -242.711
34.4186 -242.711
34.4525 -246.965
34.4525 -246.965
34.489 -251.281
34.489 -251.281
34.5189 -254.644
34.5189 -254.644
34.5558 -258.563
34.5558 -258.563
34.5925 -262.224
34.5925 -262.224
34.6214 -264.965
34.6214 -264.965
34.6514 -267.673
34.6514 -267.673
34.6853 -270.586
34.6853 -270.586
34.7153 -273.026
34.7153 -273.026
34.7492 -275.648
34.7492 -275.648
34.7828 -278.113
34.8007 -279.378
34.8346 -261.936
34.8346 -261.936
34.8679 -246.255
34.8679 -246.255
34.9029 -231.208
34.9029 -231.208
34.9397 -216.881
34.9397 -216.881
34.9754 -204.259
34.9754 -204.259
35.0118 -192.562
35.0118 -192.562
35.0423 -183.627
35.0423 -183.627
35.0748 -174.876
35.0748 -174.876
35.1118 -165.795
35.1118 -165.795
35.1407 -159.333
35.1407 -159.333
35.1707 -153.139
35.1707 -153.139
35.1987 -147.811
35.1987 -147.811
35.2354 -141.431
35.2354 -141.431
35.265 -136.723
35.265 -136.723
35.2997 -131.683
35.2997 -131.683
35.3351 -127.029
35.3351 -127.029
35.3688 -123.015
35.3688 -123.015
35.4003 -119.6
35.4003 -119.6
35.4318 -116.475
35.4318 -116.475
35.4683 -113.186
35.4683 -113.186
35.5002 -110.6
35.5002 -110.6
35.5312 -108.286
35.5312 -108.286
35.5594 -106.373
35.5594 -106.373
35.5889 -104.538
35.5889 -104.538
35.6239 -102.552
35.6239 -102.552
35.6539 -101.008
35.6539 -101.008
35.6863 -99.492
35.6863 -99.492
35.7203 -98.0594
35.7203 -98.0594
35.7519 -96.8492
35.7519 -96.8492
35.7858 -95.6828
35.7858 -95.6828
35.8222 -94.5615
35.8222 -94.5615
35.8521 -93.7291
35.8521 -93.7291
35.8876 -92.8439
35.8876 -92.8439
35.9186 -92.1504
35.928 -91.9522
35.9621 -111.111
35.9621 -111.111
35.9921 -126.689
35.9921 -126.689
36.0221 -141.139
36.0221 -141.139
36.0594 -157.658
36.0594 -157.658
36.0884 -169.474
36.0884 -169.474
36.1216 -181.942
36.1216 -181.942
36.1543 -193.312
36.1543 -193.312
36.1879 -204.032
36.1879 -204.032
36.2225 -214.161
36.2225 -214.161
36.2525 -222.271
36.2525 -222.271
36.2896 -231.472
36.2896 -231.472
36.323 -239.05
36.323 -239.05
36.3549 -245.73
36.3549 -245.73
36.391 -252.665
36.391 -252.665
36.4225 -258.221
36.4225 -258.221
36.452 -263.049
36.452 -263.049
36.4834 -267.804
36.4834 -267.804
36.5177 -272.571
36.5177 -272.571
36.5459 -276.197
36.5459 -276.197
36.5773 -279.952
36.5773 -279.952
36.6073 -283.267
36.6073 -283.267
36.6398 -286.576
36.6398 -286.576
36.6674 -289.19
36.6674 -289.19
36.7015 -292.169
36.7015 -292.169
36.7368 -294.993
36.7368 -294.993
36.7734 -297.67
36.7838 -298.386
36.8194 -257.141
36.8194 -257.141
36.854 -220.109
36.854 -220.109
36.8823 -191.949
36.8823 -191.949
36.917 -159.654
36.917 -159.654
36.951 -130.406
36.951 -130.406
36.9854 -102.958
36.9854 -102.958
37.0165 -79.9113
37.0165 -79.9113
37.0501 -56.7839
37.0501 -56.7839
37.0805 -37.2122
37.0805 -37.2122
37.112 -18.3025
37.112 -18.3025
37.1479 1.69327
37.1479 1.69327
37.1851 20.8148
37.1851 20.8148
37.215 35.0868
37.215 35.0868
37.245 48.4946
37.245 48.4946
37.279 62.6378
37.279 62.6378
37.3157 76.7963
37.3157 76.7963
37.3526 89.9292
37.3526 89.9292
37.3894 102.017
37.3894 102.017
37.4259 113.129
37.4259 113.129
37.4395 117.017
37.4613 115.334
37.4984 113.148
37.4984 113.148
37.5309 112.11
37.5309 112.11
37.5602 111.788
37.5639 111.79
37.5939 112.066
37.5939 112.066
37.6273 112.902
37.6273 112.902
37.6588 114.173
37.6588 114.173
37.6888 115.729
37.6888 115.729
37.7188 117.595
37.7188 117.595
37.7481 119.682
37.7481 119.682
37.7781 122.048
37.7781 122.048
37.8081 124.608
37.8081 124.608
37.8381 127.332
37.8381 127.332
37.8735 130.734
37.8735 130.734
37.9056 133.943
37.9056 133.943
37.9384 138.896
37.9384 138.896
37.97 152.626
37.97 152.626
38.0074 167.212
38.0074 167.212
38.042 179.222
38.042 179.222
38.0737 189.128
38.0737 189.128
38.1078 198.707
38.1078 198.707
38.1425 207.414
38.1425 207.414
38.1738 214.439
38.1738 214.439
38.2017 220.075
38.2017 220.075
38.2377 226.62
38.2377 226.62
38.2674 231.402
38.2674 231.402
38.3017 236.352
38.3017 236.352
38.3317 240.184
38.3317 240.184
38.3617 243.598
38.3617 243.598
38.3989 247.284
38.3989 247.284
38.4336 250.545
38.4336 250.545
38.465 253.572
38.465 253.572
38.4986 256.847
38.4986 256.847
38.5357 260.515
38.5357 260.515
38.5692 263.847
38.5692 263.847
38.6008 266.983
38.6008 266.983
38.6308 269.957
38.6308 269.957
38.6608 272.913
38.6608 272.913
38.6938 276.145
38.6938 276.145
38.7276 279.423
38.7276 279.423
38.7576 282.297
38.7576 282.297
38.7873 285.094
38.7873 285.094
38.8233 288.439
38.8233 288.439
38.8586 291.64
38.8586 291.64
38.8909 294.515
38.8909 294.515
38.9283 297.764
38.9283 297.764
38.9625 300.665
38.9625 300.665
38.9923 303.124
38.9923 303.124
39.0232 305.624
39.0232 305.624
39.0554 308.147
39.0554 308.147
39.0853 310.447
39.0853 310.447
39.1192 312.968
39.1192 312.968
39.1492 315.143
39.1492 315.143
39.1849 317.657
39.1849 317.657
39.2222 320.192
39.2222 320.192
39.2522 322.165
39.2522 322.165
39.2821 324.081
39.2821 324.081
39.3114 325.896
39.3114 325.896
39.3422 327.749
39.3422 327.749
39.3773 329.793
39.3773 329.793
39.4088 331.557
39.4088 331.557
39.441 333.309
39.441 333.309
39.4738 335.027
39.4738 335.027
39.511 336.91
39.511 336.91
39.5418 338.409
39.5418 338.409
39.5695 339.715
39.5695 339.715
39.601 341.148
39.601 341.148
39.6376 342.75
39.6376 342.75
39.6713 344.168
39.6713 344.168
39.7013 345.383
39.7013 345.383
39.7305 346.524
39.7305 346.524
39.7635 347.775
39.7635 347.775
39.7917 348.801
39.7917 348.801
39.8239 349.933
39.8239 349.933
39.8573 351.063
39.8573 351.063
39.8891 352.094
39.8891 352.094
39.9262 353.251
39.9262 353.251
39.9579 354.201
39.9579 354.201
39.9886 355.088
39.9886 355.088
40.0187 355.928
40.0187 355.928
40.0508 356.789
40.0508 356.789
40.0855 357.678
40.0855 357.678
40.1199 358.525
40.1199 358.525
40.1534 359.315
40.1534 359.315
40.1892 360.126
40.1892 360.126
40.2223 360.839
40.2223 360.839
40.253 361.477
40.253 361.477
40.283 362.077
40.283 362.077
40.3153 362.694
40.3153 362.694
40.3445 363.233
40.3445 363.233
40.3774 363.817
40.3774 363.817
40.4074 364.326
40.4074 364.326
40.4371 364.809
40.4371 364.809
40.4671 365.281
40.4671 365.281
40.5002 365.775
40.5002 365.775
40.5367 366.302
40.5367 366.302
40.5667 366.715
40.5667 366.715
40.601 367.167
40.601 367.167
40.6309 367.547
40.6309 367.547
40.6655 367.966
40.6655 367.966
40.6992 368.359
40.6992 368.359
40.7346 368.752
40.7346 368.752
40.7693 369.119
40.7693 369.119
40.8051 369.482
40.8051 369.482
40.8349 369.769
40.8349 369.769
40.8641 370.042
40.8641 370.042
40.8967 370.333
40.8967 370.333
40.9303 370.621
40.9303 370.621
40.9622 370.881
40.9622 370.881
40.9906 371.104
40.9906 371.104
41.0232 371.349
41.0232 371.349
41.0579 371.598
41.0579 371.598
41.0879 371.803
41.0879 371.803
41.1179 371.997
41.1179 371.997
41.1517 372.204
41.1517 372.204
41.188 372.425
41.188 372.425
41.2169 372.59
41.2169 372.59
41.2536 372.791
41.2536 372.791
41.2874 372.967
41.2874 372.967
41.3188 373.124
41.3188 373.124
41.3503 373.273
41.3503 373.273
41.3832 373.42
41.3832 373.42
41.4132 373.552
41.4132 373.552
41.4449 373.682
41.4449 373.682
41.4749 373.8
41.4749 373.8
41.5075 373.924
41.5075 373.924
41.5392 374.037
41.5392 374.037
41.5688 374.141
41.5688 374.141
41.6021 374.252
41.6021 374.252
41.6317 374.346
41.6317 374.346
41.6684 374.454
41.6684 374.454
41.7051 374.557
41.7051 374.557
41.7346 374.636
41.7346 374.636
41.7652 374.717
41.7652 374.717
41.794 374.789
41.794 374.789
41.824 374.859
41.824 374.859
41.8526 374.921
41.8526 374.921
41.8874 374.996
41.8874 374.996
41.9174 375.054
41.9174 375.054
41.9523 375.119
41.9523 375.119
41.9863 375.181
41.9863 375.181
42.0229 375.244
42.0229 375.244
42.0517 375.287
42.0517 375.287
42.0875 375.341
42.0875 375.341
42.1156 375.381
42.1156 375.381
42.1479 375.425
42.1479 375.425
42.1797 375.469
42.1797 375.469
42.2141 375.509
42.2141 375.509
42.244 375.545
42.244 375.545
42.2739 375.578
42.2739 375.578
42.306 375.613
42.306 375.613
42.3353 375.639
42.3353 375.639
42.366 375.666
42.366 375.666
42.3939 375.69
42.3939 375.69
42.4238 375.715
42.4238 375.715
42.4638 375.745
42.4638 375.745
42.496 375.766
42.496 375.766
42.526 375.785
42.526 375.785
42.5566 375.803
42.5566 375.803
42.5935 375.824
42.5935 375.824
42.6249 375.841
42.6249 375.841
42.6592 375.857
42.6592 375.857
42.6895 375.871
42.6895 375.871
42.7226 375.882
42.7226 375.882
42.7588 375.894
42.7588 375.894
42.7889 375.904
42.7889 375.904
42.8189 375.912
42.8189 375.912
42.8531 375.921
42.8531 375.921
42.885 375.926
42.885 375.926
42.9175 375.935
42.9175 375.935
42.9454 375.936
42.9454 375.936
42.9747 375.943
42.9747 375.943
43.0105 375.945
43.0105 375.945
43.0405 375.947
43.0405 375.947
43.0683 375.948
43.0683 375.948
43.1011 375.946
43.1011 375.946
43.136 375.948
43.136 375.948
43.1691 375.948
43.1691 375.948
43.2009 375.947
43.2009 375.947
43.2309 375.945
43.2309 375.945
43.262 375.942
43.262 375.942
43.2899 375.939
43.2899 375.939
43.3212 375.936
43.3212 375.936
43.3512 375.931
43.3512 375.931
43.3812 375.926
43.3812 375.926
43.4159 375.919
43.4159 375.919
43.4442 375.912
43.4442 375.912
43.4749 375.907
43.4749 375.907
43.511 375.901
43.511 375.901
43.5427 375.895
43.5427 375.895
43.5775 375.889
43.5775 375.889
43.6131 375.879
43.6131 375.879
43.6473 375.87
43.6473 375.87
43.6761 375.864
43.6761 375.864
43.7059 375.855
43.7059 375.855
43.7365 375.845
43.7365 375.845
43.7697 375.833
43.7697 375.833
43.7997 375.824
43.7997 375.824
43.8327 375.812
43.8327 375.812
43.8695 375.799
43.8695 375.799
43.8999 375.79
43.8999 375.79
43.9369 375.779
43.9369 375.779
43.973 375.766
43.973 375.766
44.0011 375.755
44.0011 375.755
44.0378 375.738
44.0378 375.738
44.0726 375.724
44.0726 375.724
44.1046 375.714
44.1046 375.714
44.1356 375.7
44.1356 375.7
44.1671 375.688
44.1671 375.688
44.1991 375.677
44.1991 375.677
44.2315 375.664
44.2315 375.664
44.2689 375.648
44.2689 375.648
44.2987 375.638
44.2987 375.638
44.3294 375.628
44.3294 375.628
44.3642 375.61
44.3642 375.61
44.3955 375.596
44.3955 375.596
44.4255 375.583
44.4255 375.583
44.4559 375.569
44.4559 375.569
44.489 375.551
44.489 375.551
44.5194 375.54
44.5194 375.54
44.5508 375.526
44.5508 375.526
44.5838 375.51
44.5838 375.51
44.6115 375.496
44.6115 375.496
44.6454 375.482
44.6454 375.482
44.6735 375.469
44.6735 375.469
44.7011 375.458
44.7011 375.458
44.7377 375.44
44.7377 375.44
44.7705 375.426
44.7705 375.426
44.8043 375.411
44.8043 375.411
44.8338 375.397
44.8338 375.397
44.8661 375.379
44.8661 375.379
44.9025 375.363
44.9025 375.363
44.9317 375.351
44.9317 375.351
44.9617 375.333
44.9617 375.333
44.9954 375.319
44.9954 375.319
45.0244 375.307
45.0244 375.307
45.0568 375.291
45.0568 375.291
45.0941 375.273
45.0941 375.273
45.1233 375.259
45.1233 375.259
45.1575 375.243
45.1575 375.243
45.187 375.227
45.187 375.227
45.2237 375.206
45.2237 375.206
45.2516 375.193
45.2516 375.193
45.2884 375.175
45.2884 375.175
45.317 375.16
45.317 375.16
45.349 375.143
45.349 375.143
45.3815 375.127
45.3815 375.127
45.4115 375.113
45.4115 375.113
45.4425 375.098
45.4425 375.098
45.4789 375.077
45.4789 375.077
45.5133 375.06
45.5133 375.06
45.5487 375.043
45.5487 375.043
45.586 375.021
45.586 375.021
45.6222 375.003
45.6222 375.003
45.6592 374.985
45.6592 374.985
45.6903 374.972
45.6903 374.972
45.7178 374.956
45.7178 374.956
45.7478 374.94
45.7478 374.94
45.7801 374.925
45.7801 374.925
45.8125 374.911
45.8125 374.911
45.8424 374.895
45.8424 374.895
45.8774 374.876
45.8774 374.876
45.9096 374.858
45.9096 374.858
45.9455 374.84
45.9455 374.84
45.9778 374.824
45.9778 374.824
46.0143 374.807
46.0143 374.807
46.0492 374.79
46.0492 374.79
46.0811 374.775
46.0811 374.775
46.1176 374.758
46.1176 374.758
46.146 374.744
46.146 374.744
46.1823 374.723
46.1823 374.723
46.2192 374.709
46.2192 374.709
46.2498 374.69
46.2498 374.69
46.2831 374.672
46.2831 374.672
46.313 374.656
46.313 374.656
46.3441 374.643
46.3441 374.643
46.3741 374.628
46.3741 374.628
46.4059 374.609
46.4059 374.609
46.4382 374.591
46.4382 374.591
46.4742 374.572
46.4742 374.572
46.5079 374.557
46.5079 374.557
46.5379 374.541
46.5379 374.541
46.5747 374.521
46.5747 374.521
46.604 374.506
46.604 374.506
46.644 374.489
46.644 374.489
46.6752 374.473
46.6752 374.473
46.7097 374.453
46.7097 374.453
46.741 374.44
46.741 374.44
46.7735 374.425
46.7735 374.425
46.8046 374.412
46.8046 374.412
46.8403 374.392
46.8403 374.392
46.8697 374.377
46.8697 374.377
46.8997 374.363
46.8997 374.363
46.9296 374.35
46.9296 374.35
46.9596 374.332
46.9596 374.332
46.9945 374.313
46.9945 374.313
47.0247 374.298
47.0247 374.298
47.0547 374.284
47.0547 374.284
47.0905 374.268
47.0905 374.268
47.1205 374.253
47.1205 374.253
47.154 374.235
47.154 374.235
47.1851 374.22
47.1851 374.22
47.2197 374.203
47.2197 374.203
47.2531 374.189
47.2531 374.189
47.284 374.177
47.284 374.177
47.3139 374.162
47.3139 374.162
47.3429 374.148
47.3429 374.148
47.3755 374.135
47.3755 374.135
47.4082 374.12
47.4082 374.12
47.442 374.107
47.442 374.107
47.478 374.09
47.478 374.09
47.511 374.073
47.511 374.073
47.5431 374.058
47.5431 374.058
47.5731 374.047
47.5731 374.047
47.6065 374.029
47.6065 374.029
47.6411 374.012
47.6411 374.012
47.6753 373.997
47.6753 373.997
47.7119 373.981
47.7119 373.981
47.7396 373.97
47.7396 373.97
47.7744 373.954
47.7744 373.954
47.81 373.937
47.81 373.937
47.8399 373.921
47.8399 373.921
47.8682 373.911
47.8682 373.911
47.9034 373.898
47.9034 373.898
47.9367 373.882
47.9367 373.882
47.9699 373.866
47.9699 373.866
48.0 373.85
48.0 373.85
