0.0, 9.82, 4.0, 0.0, 0.0, 0, 0, 0, 0, 1, 0, 0, 0, 0
0.9100000000000006, 9.82, -0.021290000000009288, -8.936200000000019, 0.893620000000002, 1, 893, 7144, 1, 0, 1, 0, 0, 0
0.9100000000000006, 9.82, -0.021290000000009288, -8.936200000000019, 0.893620000000002, 0, 893, 7144, 1, 1, 0, 0, 0, 0
0.9100000000000006, 9.82, -0.021290000000009288, 7.144, 0.893620000000002, 0, 893, 7144, 1, 1, 0, 0, 1, 1
0.0, 9.82, 4.0, 0.0, 0.0, 0, 0, 0, 0, 1, 0, 0, 0, 0
0.9100000000000006, 9.82, -0.021290000000009288, -8.936200000000019, 0.893620000000002, 1, 893, 7144, 1, 0, 1, 0, 0, 0
0.9100000000000006, 9.82, -0.021290000000009288, -8.936200000000019, 0.893620000000002, 0, 893, 7144, 1, 1, 0, 0, 0, 0
0.9100000000000006, 9.82, -0.021290000000009288, 7.144, 0.893620000000002, 0, 893, 7144, 1, 1, 0, 0, 1, 1
0.0, 9.82, 4.0, 0.0, 0.0, 0, 0, 0, 0, 1, 0, 0, 0, 0
0.9100000000000006, 9.82, -0.021290000000009288, -8.936200000000019, 0.893620000000002, 1, 893, 4465, 1, 0, 1, 0, 0, 0
0.9100000000000006, 9.82, -0.021290000000009288, -8.936200000000019, 0.893620000000002, 0, 893, 4465, 1, 1, 0, 0, 0, 0
1.8300000000000014, 9.82, -0.02414200000001731, -4.569400000000018, 0.4569400000000018, 1, 456, 2280, 1, 0, 1, 0, 0, 0
1.8300000000000014, 9.82, -0.02414200000001731, -4.569400000000018, 0.4569400000000018, 0, 456, 2280, 1, 1, 0, 0, 0, 0
1.8500000000000014, 9.82, 0.020475999999982723, 2.0835999999999992, 0.4569400000000018, 1, 456, 2280, 1, 0, 1, 0, 0, 0
1.8500000000000014, 9.82, 0.020475999999982723, 2.0835999999999992, 0.4569400000000018, 0, 456, 2280, 1, 1, 0, 0, 0, 0
2.339999999999994, 9.82, -0.01715599999999962, -2.531799999999929, 0.2531799999999929, 1, 253, 2024, 1, 0, 0, 1, 0, 0
2.339999999999994, 9.82, -0.01715599999999962, -2.531799999999929, 0.2531799999999929, 0, 253, 2024, 1, 1, 0, 0, 0, 0
2.759999999999985, 9.82, -0.012577999999981548, -2.1003999999999117, 0.21003999999999118, 1, 210, 1680, 1, 0, 0, 1, 0, 0
2.759999999999985, 9.82, -0.012577999999981548, -2.1003999999999117, 0.21003999999999118, 0, 210, 1680, 1, 1, 0, 0, 0, 0
3.1099999999999777, 9.82, -0.008867999999969157, -1.7569999999999264, 0.17569999999999264, 1, 175, 1400, 1, 0, 0, 1, 0, 0
3.1099999999999777, 9.82, -0.008867999999969157, -1.7569999999999264, 0.17569999999999264, 0, 175, 1400, 1, 1, 0, 0, 0, 0
3.3999999999999715, 9.82, -0.0015599999999608167, -1.4477999999999394, 0.14477999999999394, 1, 144, 1152, 1, 0, 0, 1, 0, 0
3.3999999999999715, 9.82, -0.0015599999999608167, -1.4477999999999394, 0.14477999999999394, 0, 144, 1152, 1, 1, 0, 0, 0, 0
3.649999999999966, 9.82, -0.00815999999995445, -1.302999999999948, 0.1302999999999948, 1, 130, 1040, 1, 0, 0, 1, 0, 0
3.649999999999966, 9.82, -0.00815999999995445, -1.302999999999948, 0.1302999999999948, 0, 130, 1040, 1, 1, 0, 0, 0, 0
3.8699999999999615, 9.82, -0.006201999999949689, -1.1203999999999543, 0.11203999999999543, 1, 112, 896, 1, 0, 0, 1, 0, 0
3.8699999999999615, 9.82, -0.006201999999949689, -1.1203999999999543, 0.11203999999999543, 0, 112, 896, 1, 1, 0, 0, 0, 0
4.059999999999958, 9.82, -0.0038839999999465795, -0.969799999999965, 0.09697999999999651, 1, 96, 480, 1, 0, 1, 0, 0, 0
4.059999999999958, 9.82, -0.0038839999999465795, -0.969799999999965, 0.09697999999999651, 0, 96, 480, 1, 1, 0, 0, 0, 0
4.159999999999956, 9.82, -7.399999994571992E-5, -0.5019999999999791, 0.05019999999999791, 1, 50, 400, 1, 0, 0, 1, 0, 0
4.159999999999956, 9.82, -7.399999994571992E-5, -0.5019999999999791, 0.05019999999999791, 0, 50, 400, 1, 1, 0, 0, 0, 0
4.259999999999954, 9.82, -0.004263999999944688, -0.5819999999999791, 0.05819999999999791, 1, 58, 464, 1, 0, 0, 1, 0, 0
4.259999999999954, 9.82, -0.004263999999944688, -0.5819999999999791, 0.05819999999999791, 0, 58, 464, 1, 1, 0, 0, 0, 0
4.3599999999999515, 9.82, -0.0020539999999437913, -0.517999999999979, 0.0517999999999979, 1, 51, 255, 1, 0, 1, 0, 0, 0
4.3599999999999515, 9.82, -0.0020539999999437913, -0.517999999999979, 0.0517999999999979, 0, 51, 255, 1, 1, 0, 0, 0, 0
4.41999999999995, 9.82, -0.0014839999999434906, -0.33419999999998745, 0.03341999999999875, 1, 33, 165, 1, 0, 1, 0, 0, 0
4.41999999999995, 9.82, -0.0014839999999434906, -0.33419999999998745, 0.03341999999999875, 0, 33, 165, 1, 1, 0, 0, 0, 0
4.459999999999949, 9.82, -7.759999999433801E-4, -0.22779999999999162, 0.022779999999999162, 1, 22, 110, 1, 0, 1, 0, 0, 0
4.459999999999949, 9.82, -7.759999999433801E-4, -0.22779999999999162, 0.022779999999999162, 0, 22, 110, 1, 1, 0, 0, 0, 0
4.489999999999949, 9.82, -4.21999999943325E-4, -0.18459999999999374, 0.018459999999999376, 1, 18, 90, 1, 0, 1, 0, 0, 0
4.489999999999949, 9.82, -4.21999999943325E-4, -0.18459999999999374, 0.018459999999999376, 0, 18, 90, 1, 1, 0, 0, 0, 0
4.519999999999948, 9.82, -6.679999999432574E-4, -0.20459999999999373, 0.020459999999999375, 1, 20, 160, 1, 0, 0, 1, 0, 0
4.519999999999948, 9.82, -6.679999999432574E-4, -0.20459999999999373, 0.020459999999999375, 0, 20, 160, 1, 1, 0, 0, 0, 0
4.559999999999947, 9.82, -1.5999999994314247E-4, -0.23279999999999162, 0.023279999999999162, 1, 23, 184, 1, 0, 0, 1, 0, 0
4.559999999999947, 9.82, -1.5999999994314247E-4, -0.23279999999999162, 0.023279999999999162, 0, 23, 184, 1, 1, 0, 0, 0, 0
4.609999999999946, 9.82, -7.79999999942921E-4, -0.30699999999998956, 0.030699999999998957, 1, 30, 150, 1, 0, 1, 0, 0, 0
4.609999999999946, 9.82, -7.79999999942921E-4, -0.30699999999998956, 0.030699999999998957, 0, 30, 150, 1, 1, 0, 0, 0, 0
4.649999999999945, 9.82, -6.719999999427982E-4, -0.24279999999999163, 0.024279999999999163, 1, 24, 120, 1, 0, 1, 0, 0, 0
4.649999999999945, 9.82, -6.719999999427982E-4, -0.24279999999999163, 0.024279999999999163, 0, 24, 120, 1, 1, 0, 0, 0, 0
4.679999999999945, 9.82, -1.7999999942749792E-5, -0.17459999999999376, 0.017459999999999375, 1, 17, 136, 1, 0, 0, 1, 0, 0
4.679999999999945, 9.82, -1.7999999942749792E-5, -0.17459999999999376, 0.017459999999999375, 0, 17, 136, 1, 1, 0, 0, 0, 0
4.719999999999944, 9.82, -4.6999999994261485E-4, -0.25679999999999165, 0.025679999999999165, 1, 25, 200, 1, 0, 0, 1, 0, 0
4.719999999999944, 9.82, -4.6999999994261485E-4, -0.25679999999999165, 0.025679999999999165, 0, 25, 200, 1, 1, 0, 0, 0, 0
4.769999999999943, 9.82, -2.8999999994240924E-4, -0.29099999999998954, 0.029099999999998957, 1, 29, 232, 1, 0, 0, 1, 0, 0
4.769999999999943, 9.82, -2.8999999994240924E-4, -0.29099999999998954, 0.029099999999998957, 0, 29, 232, 1, 1, 0, 0, 0, 0
4.8299999999999415, 9.82, -0.0010999999999420792, -0.35719999999998747, 0.035719999999998746, 1, 35, 175, 1, 0, 1, 0, 0, 0
4.8299999999999415, 9.82, -0.0010999999999420792, -0.35719999999998747, 0.035719999999998746, 0, 35, 175, 1, 1, 0, 0, 0, 0
4.87999999999994, 9.82, -0.0021699999999418482, -0.31599999999998957, 0.031599999999998955, 1, 31, 155, 1, 0, 1, 0, 0, 0
4.87999999999994, 9.82, -0.0021699999999418482, -0.31599999999998957, 0.031599999999998955, 0, 31, 155, 1, 1, 0, 0, 0, 0
0.0, 9.82, 4.0, 0.0, 0.0, 0, 0, 0, 0, 1, 0, 0, 0, 0
0.9100000000000006, 9.82, -0.021290000000009288, -8.936200000000019, 0.893620000000002, 1, 893, 4465, 1, 0, 1, 0, 0, 0
0.9100000000000006, 9.82, -0.021290000000009288, -8.936200000000019, 0.893620000000002, 0, 893, 4465, 1, 1, 0, 0, 0, 0
1.8300000000000014, 9.82, -0.02414200000001731, -4.569400000000018, 0.4569400000000018, 1, 456, 3648, 1, 0, 0, 1, 0, 0
1.8300000000000014, 9.82, -0.02414200000001731, -4.569400000000018, 0.4569400000000018, 0, 456, 3648, 1, 1, 0, 0, 0, 0
2.579999999999989, 9.82, -0.013191999999974273, -3.716999999999883, 0.3716999999999883, 1, 371, 2968, 1, 0, 0, 1, 0, 0
2.579999999999989, 9.82, -0.013191999999974273, -3.716999999999883, 0.3716999999999883, 0, 371, 2968, 1, 1, 0, 0, 0, 0
3.1999999999999758, 9.82, -0.029993999999934916, -3.1203999999998726, 0.31203999999998727, 1, 312, 2496, 1, 0, 0, 1, 0, 0
3.1999999999999758, 9.82, -0.029993999999934916, -3.1203999999998726, 0.31203999999998727, 0, 312, 2496, 1, 1, 0, 0, 0, 0
3.709999999999965, 9.82, -0.00908399999990898, -2.5121999999998943, 0.25121999999998945, 1, 251, 1255, 1, 0, 1, 0, 0, 0
3.709999999999965, 9.82, -0.00908399999990898, -2.5121999999998943, 0.25121999999998945, 0, 251, 1255, 1, 1, 0, 0, 0, 0
3.9699999999999593, 9.82, -0.0019339999999023853, -1.2981999999999458, 0.12981999999999458, 1, 129, 645, 1, 0, 1, 0, 0, 0
3.9699999999999593, 9.82, -0.0019339999999023853, -1.2981999999999458, 0.12981999999999458, 0, 129, 645, 1, 1, 0, 0, 0, 0
4.109999999999957, 9.82, -9.95999999900788E-4, -0.7297999999999752, 0.07297999999999753, 1, 72, 360, 1, 0, 1, 0, 0, 0
4.109999999999957, 9.82, -9.95999999900788E-4, -0.7297999999999752, 0.07297999999999753, 0, 72, 360, 1, 1, 0, 0, 0, 0
4.199999999999955, 9.82, -0.0039479999998999725, -0.5237999999999812, 0.05237999999999812, 1, 52, 260, 1, 0, 1, 0, 0, 0
4.199999999999955, 9.82, -0.0039479999998999725, -0.5237999999999812, 0.05237999999999812, 0, 52, 260, 1, 1, 0, 0, 0, 0
4.249999999999954, 9.82, -7.679999998998306E-4, -0.23099999999998955, 0.023099999999998955, 1, 23, 115, 1, 0, 1, 0, 0, 0
4.249999999999954, 9.82, -7.679999998998306E-4, -0.23099999999998955, 0.023099999999998955, 0, 23, 115, 1, 1, 0, 0, 0, 0
4.279999999999953, 9.82, -2.6399999989977865E-4, -0.17959999999999374, 0.017959999999999376, 1, 17, 136, 1, 0, 0, 1, 0, 0
4.279999999999953, 9.82, -2.6399999989977865E-4, -0.17959999999999374, 0.017959999999999376, 0, 17, 136, 1, 1, 0, 0, 0, 0
4.319999999999952, 9.82, -7.159999998996437E-4, -0.25679999999999165, 0.025679999999999165, 1, 25, 125, 1, 0, 1, 0, 0, 0
4.319999999999952, 9.82, -7.159999998996437E-4, -0.25679999999999165, 0.025679999999999165, 0, 25, 125, 1, 1, 0, 0, 0, 0
4.3599999999999515, 9.82, -0.0016079999998994997, -0.26779999999999166, 0.026779999999999166, 1, 26, 130, 1, 0, 1, 0, 0, 0
4.3599999999999515, 9.82, -0.0016079999998994997, -0.26779999999999166, 0.026779999999999166, 0, 26, 130, 1, 1, 0, 0, 0, 0
4.389999999999951, 9.82, -6.539999998994572E-4, -0.16459999999999375, 0.016459999999999374, 1, 16, 128, 1, 0, 0, 1, 0, 0
4.389999999999951, 9.82, -6.539999998994572E-4, -0.16459999999999375, 0.016459999999999374, 0, 16, 128, 1, 1, 0, 0, 0, 0
4.42999999999995, 9.82, -0.0014259999998993155, -0.26479999999999165, 0.026479999999999167, 1, 26, 130, 1, 0, 1, 0, 0, 0
4.42999999999995, 9.82, -0.0014259999998993155, -0.26479999999999165, 0.026479999999999167, 0, 26, 130, 1, 1, 0, 0, 0, 0
4.459999999999949, 9.82, -4.7199999989927304E-4, -0.16459999999999375, 0.016459999999999374, 1, 16, 128, 1, 0, 0, 1, 0, 0
4.459999999999949, 9.82, -4.7199999989927304E-4, -0.16459999999999375, 0.016459999999999374, 0, 16, 128, 1, 1, 0, 0, 0, 0
4.4999999999999485, 9.82, -0.0012439999998991313, -0.26479999999999165, 0.026479999999999167, 1, 26, 130, 1, 0, 1, 0, 0, 0
4.4999999999999485, 9.82, -0.0012439999998991313, -0.26479999999999165, 0.026479999999999167, 0, 26, 130, 1, 1, 0, 0, 0, 0
4.529999999999948, 9.82, -2.8999999989908886E-4, -0.16459999999999375, 0.016459999999999374, 1, 16, 80, 1, 0, 1, 0, 0, 0
4.529999999999948, 9.82, -2.8999999989908886E-4, -0.16459999999999375, 0.016459999999999374, 0, 16, 80, 1, 1, 0, 0, 0, 0
4.559999999999947, 9.82, -8.359999998990146E-4, -0.21459999999999374, 0.021459999999999375, 1, 21, 105, 1, 0, 1, 0, 0, 0
4.559999999999947, 9.82, -8.359999998990146E-4, -0.21459999999999374, 0.021459999999999375, 0, 21, 105, 1, 1, 0, 0, 0, 0
4.589999999999947, 9.82, -6.319999998989564E-4, -0.18959999999999375, 0.018959999999999377, 1, 18, 144, 1, 0, 0, 1, 0, 0
4.589999999999947, 9.82, -6.319999998989564E-4, -0.18959999999999375, 0.018959999999999377, 0, 18, 144, 1, 1, 0, 0, 0, 0
4.629999999999946, 9.82, -7.639999998988287E-4, -0.24879999999999164, 0.024879999999999167, 1, 24, 120, 1, 0, 1, 0, 0, 0
4.629999999999946, 9.82, -7.639999998988287E-4, -0.24879999999999164, 0.024879999999999167, 0, 24, 120, 1, 1, 0, 0, 0, 0
4.659999999999945, 9.82, -1.0999999989878026E-4, -0.17459999999999376, 0.017459999999999375, 1, 17, 85, 1, 0, 1, 0, 0, 0
4.659999999999945, 9.82, -1.0999999989878026E-4, -0.17459999999999376, 0.017459999999999375, 0, 17, 85, 1, 1, 0, 0, 0, 0
4.689999999999944, 9.82, -5.05999999898709E-4, -0.20959999999999374, 0.020959999999999375, 1, 20, 160, 1, 0, 0, 1, 0, 0
4.689999999999944, 9.82, -5.05999999898709E-4, -0.20959999999999374, 0.020959999999999375, 0, 20, 160, 1, 1, 0, 0, 0, 0
4.739999999999943, 9.82, -0.0023259999998984605, -0.3309999999999895, 0.03309999999999896, 1, 33, 165, 1, 0, 1, 0, 0, 0
4.739999999999943, 9.82, -0.0023259999998984605, -0.3309999999999895, 0.03309999999999896, 0, 33, 165, 1, 1, 0, 0, 0, 0
0.0, 9.82, 4.0, 0.0, 0.0, 0, 0, 0, 0, 1, 0, 0, 0, 0
0.9100000000000006, 9.82, -0.021290000000009288, -8.936200000000019, 0.893620000000002, 1, 893, 4465, 1, 0, 1, 0, 0, 0
0.9100000000000006, 9.82, -0.021290000000009288, -8.936200000000019, 0.893620000000002, 0, 893, 4465, 1, 1, 0, 0, 0, 0
1.8300000000000014, 9.82, -0.02414200000001731, -4.569400000000018, 0.4569400000000018, 1, 456, 3648, 1, 0, 0, 1, 0, 0
1.8300000000000014, 9.82, -0.02414200000001731, -4.569400000000018, 0.4569400000000018, 0, 456, 3648, 1, 1, 0, 0, 0, 0
2.579999999999989, 9.82, -0.013191999999974273, -3.716999999999883, 0.3716999999999883, 1, 371, 2968, 1, 0, 0, 1, 0, 0
2.579999999999989, 9.82, -0.013191999999974273, -3.716999999999883, 0.3716999999999883, 0, 371, 2968, 1, 1, 0, 0, 0, 0
3.1999999999999758, 9.82, -0.029993999999934916, -3.1203999999998726, 0.31203999999998727, 1, 312, 2496, 1, 0, 0, 1, 0, 0
3.1999999999999758, 9.82, -0.029993999999934916, -3.1203999999998726, 0.31203999999998727, 0, 312, 2496, 1, 1, 0, 0, 0, 0
3.709999999999965, 9.82, -0.00908399999990898, -2.5121999999998943, 0.25121999999998945, 1, 251, 2008, 1, 0, 0, 1, 0, 0
3.709999999999965, 9.82, -0.00908399999990898, -2.5121999999998943, 0.25121999999998945, 0, 251, 2008, 1, 1, 0, 0, 0, 0
4.129999999999956, 9.82, -0.011225999999891632, -2.1163999999999157, 0.21163999999999158, 1, 211, 1055, 1, 0, 1, 0, 0, 0
4.129999999999956, 9.82, -0.011225999999891632, -2.1163999999999157, 0.21163999999999158, 0, 211, 1055, 1, 1, 0, 0, 0, 0
4.349999999999952, 9.82, -0.005967999999886972, -1.1053999999999544, 0.11053999999999545, 1, 110, 550, 1, 0, 1, 0, 0, 0
4.349999999999952, 9.82, -0.005967999999886972, -1.1053999999999544, 0.11053999999999545, 0, 110, 550, 1, 1, 0, 0, 0, 0
4.469999999999949, 9.82, -0.004779999999885609, -0.6283999999999749, 0.0628399999999975, 1, 62, 496, 1, 0, 0, 1, 0, 0
4.469999999999949, 9.82, -0.004779999999885609, -0.6283999999999749, 0.0628399999999975, 0, 62, 496, 1, 1, 0, 0, 0, 0
4.579999999999947, 9.82, -0.004229999999884468, -0.584199999999977, 0.058419999999997696, 1, 58, 464, 1, 0, 0, 1, 0, 0
4.579999999999947, 9.82, -0.004229999999884468, -0.584199999999977, 0.058419999999997696, 0, 58, 464, 1, 1, 0, 0, 0, 0
4.679999999999945, 9.82, -0.002019999999883571, -0.517999999999979, 0.0517999999999979, 1, 51, 255, 1, 0, 1, 0, 0, 0
4.679999999999945, 9.82, -0.002019999999883571, -0.517999999999979, 0.0517999999999979, 0, 51, 255, 1, 1, 0, 0, 0, 0
4.739999999999943, 9.82, -0.0014499999998832704, -0.33419999999998745, 0.03341999999999875, 1, 33, 165, 1, 0, 1, 0, 0, 0
4.739999999999943, 9.82, -0.0014499999998832704, -0.33419999999998745, 0.03341999999999875, 0, 33, 165, 1, 1, 0, 0, 0, 0
4.7799999999999425, 9.82, -7.419999998831599E-4, -0.22779999999999162, 0.022779999999999162, 1, 22, 176, 1, 0, 0, 1, 0, 0
4.7799999999999425, 9.82, -7.419999998831599E-4, -0.22779999999999162, 0.022779999999999162, 0, 22, 176, 1, 1, 0, 0, 0, 0
4.8299999999999415, 9.82, -0.0017619999998829301, -0.31499999999998957, 0.03149999999999896, 1, 31, 248, 1, 0, 0, 1, 0, 0
4.8299999999999415, 9.82, -0.0017619999998829301, -0.31499999999998957, 0.03149999999999896, 0, 31, 248, 1, 1, 0, 0, 0, 0
4.88999999999994, 9.82, -0.0016119999998826199, -0.34119999999998746, 0.03411999999999875, 1, 34, 272, 1, 0, 0, 1, 0, 0
4.88999999999994, 9.82, -0.0016119999998826199, -0.34119999999998746, 0.03411999999999875, 0, 34, 272, 1, 1, 0, 0, 0, 0
4.949999999999939, 9.82, -2.1999999882338795E-5, -0.31719999999998744, 0.03171999999999874, 1, 31, 155, 1, 0, 1, 0, 0, 0
4.949999999999939, 9.82, -2.1999999882338795E-5, -0.31719999999998744, 0.03171999999999874, 0, 31, 155, 1, 1, 0, 0, 0, 0
4.999999999999938, 9.82, -0.0020919999998820858, -0.33599999999998953, 0.03359999999999896, 1, 33, 264, 1, 0, 0, 1, 0, 0
4.999999999999938, 9.82, -0.0020919999998820858, -0.33599999999998953, 0.03359999999999896, 0, 33, 264, 1, 1, 0, 0, 0, 0
5.0599999999999365, 9.82, -9.819999998817949E-4, -0.32519999999998744, 0.032519999999998744, 1, 32, 160, 1, 0, 1, 0, 0, 0
5.0599999999999365, 9.82, -9.819999998817949E-4, -0.32519999999998744, 0.032519999999998744, 0, 32, 160, 1, 1, 0, 0, 0, 0
5.099999999999936, 9.82, -4.7399999988167996E-4, -0.23279999999999162, 0.023279999999999162, 1, 23, 184, 1, 0, 0, 1, 0, 0
5.099999999999936, 9.82, -4.7399999988167996E-4, -0.23279999999999162, 0.023279999999999162, 0, 23, 184, 1, 1, 0, 0, 0, 0
5.149999999999935, 9.82, -0.0010939999998814585, -0.30699999999998956, 0.030699999999998957, 1, 30, 150, 1, 0, 1, 0, 0, 0
5.149999999999935, 9.82, -0.0010939999998814585, -0.30699999999998956, 0.030699999999998957, 0, 30, 150, 1, 1, 0, 0, 0, 0
5.189999999999934, 9.82, -9.859999998813357E-4, -0.24279999999999163, 0.024279999999999163, 1, 24, 120, 1, 0, 1, 0, 0, 0
5.189999999999934, 9.82, -9.859999998813357E-4, -0.24279999999999163, 0.024279999999999163, 0, 24, 120, 1, 1, 0, 0, 0, 0
5.219999999999933, 9.82, -3.319999998812873E-4, -0.17459999999999376, 0.017459999999999375, 1, 17, 85, 1, 0, 1, 0, 0, 0
5.219999999999933, 9.82, -3.319999998812873E-4, -0.17459999999999376, 0.017459999999999375, 0, 17, 85, 1, 1, 0, 0, 0, 0
5.2499999999999325, 9.82, -7.27999999881216E-4, -0.20959999999999374, 0.020959999999999375, 1, 20, 160, 1, 0, 0, 1, 0, 0
5.2499999999999325, 9.82, -7.27999999881216E-4, -0.20959999999999374, 0.020959999999999375, 0, 20, 160, 1, 1, 0, 0, 0, 0
5.289999999999932, 9.82, -2.199999998811011E-4, -0.23279999999999162, 0.023279999999999162, 1, 23, 115, 1, 0, 1, 0, 0, 0
5.289999999999932, 9.82, -2.199999998811011E-4, -0.23279999999999162, 0.023279999999999162, 0, 23, 115, 1, 1, 0, 0, 0, 0
5.329999999999931, 9.82, -0.0015119999998809482, -0.27779999999999166, 0.027779999999999166, 1, 27, 216, 1, 0, 0, 1, 0, 0
5.329999999999931, 9.82, -0.0015119999998809482, -0.27779999999999166, 0.027779999999999166, 0, 27, 216, 1, 1, 0, 0, 0, 0
5.37999999999993, 9.82, -5.319999998807607E-4, -0.2749999999999896, 0.02749999999999896, 1, 27, 216, 1, 0, 0, 1, 0, 0
5.37999999999993, 9.82, -5.319999998807607E-4, -0.2749999999999896, 0.02749999999999896, 0, 27, 216, 1, 1, 0, 0, 0, 0
5.4399999999999284, 9.82, -0.00230199999988041, -0.3731999999999875, 0.03731999999999875, 1, 37, 296, 1, 0, 0, 1, 0, 0
5.4399999999999284, 9.82, -0.00230199999988041, -0.3731999999999875, 0.03731999999999875, 0, 37, 296, 1, 1, 0, 0, 0, 0
0.0, 9.82, 4.0, 0.0, 0.0, 0, 0, 0, 0, 1, 0, 0, 0, 0
0.9100000000000006, 9.82, -0.021290000000009288, -8.936200000000019, 0.893620000000002, 1, 893, 7144, 1, 0, 1, 0, 0, 0
0.9100000000000006, 9.82, -0.021290000000009288, -8.936200000000019, 0.893620000000002, 0, 893, 7144, 1, 1, 0, 0, 0, 0
0.9100000000000006, 9.82, -0.021290000000009288, 7.144, 0.893620000000002, 0, 893, 7144, 1, 1, 0, 0, 1, 1
0.0, 9.82, 4.0, 0.0, 0.0, 0, 0, 0, 0, 1, 0, 0, 0, 0
0.9100000000000006, 9.82, -0.021290000000009288, -8.936200000000019, 0.893620000000002, 1, 893, 4465, 1, 0, 1, 0, 0, 0
0.9100000000000006, 9.82, -0.021290000000009288, -8.936200000000019, 0.893620000000002, 0, 893, 4465, 1, 1, 0, 0, 0, 0
1.8300000000000014, 9.82, -0.02414200000001731, -4.569400000000018, 0.4569400000000018, 1, 456, 2280, 1, 0, 1, 0, 0, 0
1.8300000000000014, 9.82, -0.02414200000001731, -4.569400000000018, 0.4569400000000018, 0, 456, 2280, 1, 1, 0, 0, 0, 0
1.8500000000000014, 9.82, 0.020475999999982723, 2.0835999999999992, 0.4569400000000018, 1, 456, 2280, 1, 0, 1, 0, 0, 0
1.8500000000000014, 9.82, 0.020475999999982723, 2.0835999999999992, 0.4569400000000018, 0, 456, 2280, 1, 1, 0, 0, 0, 0
2.339999999999994, 9.82, -0.01715599999999962, -2.531799999999929, 0.2531799999999929, 1, 253, 2024, 1, 0, 0, 1, 0, 0
2.339999999999994, 9.82, -0.01715599999999962, -2.531799999999929, 0.2531799999999929, 0, 253, 2024, 1, 1, 0, 0, 0, 0
2.759999999999985, 9.82, -0.012577999999981548, -2.1003999999999117, 0.21003999999999118, 1, 210, 1680, 1, 0, 0, 1, 0, 0
2.759999999999985, 9.82, -0.012577999999981548, -2.1003999999999117, 0.21003999999999118, 0, 210, 1680, 1, 1, 0, 0, 0, 0
3.1099999999999777, 9.82, -0.008867999999969157, -1.7569999999999264, 0.17569999999999264, 1, 175, 1400, 1, 0, 0, 1, 0, 0
3.1099999999999777, 9.82, -0.008867999999969157, -1.7569999999999264, 0.17569999999999264, 0, 175, 1400, 1, 1, 0, 0, 0, 0
3.3999999999999715, 9.82, -0.0015599999999608167, -1.4477999999999394, 0.14477999999999394, 1, 144, 720, 1, 0, 1, 0, 0, 0
3.3999999999999715, 9.82, -0.0015599999999608167, -1.4477999999999394, 0.14477999999999394, 0, 144, 720, 1, 1, 0, 0, 0, 0
3.559999999999968, 9.82, -0.00419999999995827, -0.8511999999999668, 0.08511999999999668, 1, 85, 680, 1, 0, 0, 1, 0, 0
3.559999999999968, 9.82, -0.00419999999995827, -0.8511999999999668, 0.08511999999999668, 0, 85, 680, 1, 1, 0, 0, 0, 0
3.709999999999965, 9.82, -0.005309999999956049, -0.7929999999999687, 0.07929999999999687, 1, 79, 395, 1, 0, 1, 0, 0, 0
3.709999999999965, 9.82, -0.005309999999956049, -0.7929999999999687, 0.07929999999999687, 0, 79, 395, 1, 1, 0, 0, 0, 0
3.789999999999963, 9.82, -0.001205999999955548, -0.39059999999998324, 0.039059999999998325, 1, 39, 312, 1, 0, 0, 1, 0, 0
3.789999999999963, 9.82, -0.001205999999955548, -0.39059999999998324, 0.039059999999998325, 0, 39, 312, 1, 1, 0, 0, 0, 0
3.8699999999999615, 9.82, -0.0037419999999549086, -0.47359999999998326, 0.04735999999999833, 1, 47, 235, 1, 0, 1, 0, 0, 0
3.8699999999999615, 9.82, -0.0037419999999549086, -0.47359999999998326, 0.04735999999999833, 0, 47, 235, 1, 1, 0, 0, 0, 0
3.899999999999961, 9.82, 3.6200000004506634E-4, -0.05959999999999374, 0.04735999999999833, 1, 47, 235, 1, 0, 1, 0, 0, 0
3.899999999999961, 9.82, 3.6200000004506634E-4, -0.05959999999999374, 0.04735999999999833, 0, 47, 235, 1, 1, 0, 0, 0, 0
3.9599999999999596, 9.82, -2.679999999546075E-4, -0.35419999999998747, 0.03541999999999875, 1, 35, 175, 1, 0, 1, 0, 0, 0
3.9599999999999596, 9.82, -2.679999999546075E-4, -0.35419999999998747, 0.03541999999999875, 0, 35, 175, 1, 1, 0, 0, 0, 0
4.009999999999959, 9.82, -0.0013379999999544733, -0.31599999999999395, 0.0315999999999994, 1, 31, 155, 1, 0, 1, 0, 0, 0
4.009999999999959, 9.82, -0.0013379999999544733, -0.31599999999999395, 0.0315999999999994, 0, 31, 155, 1, 1, 0, 0, 0, 0
4.049999999999958, 9.82, -0.0010299999999543545, -0.23779999999999163, 0.023779999999999163, 1, 23, 115, 1, 0, 1, 0, 0, 0
4.049999999999958, 9.82, -0.0010299999999543545, -0.23779999999999163, 0.023779999999999163, 0, 23, 115, 1, 1, 0, 0, 0, 0
4.079999999999957, 9.82, -5.259999999543026E-4, -0.17959999999999374, 0.017959999999999376, 1, 17, 136, 1, 0, 0, 1, 0, 0
4.079999999999957, 9.82, -5.259999999543026E-4, -0.17959999999999374, 0.017959999999999376, 0, 17, 136, 1, 1, 0, 0, 0, 0
4.119999999999957, 9.82, -9.779999999541677E-4, -0.25679999999999165, 0.025679999999999165, 1, 25, 200, 1, 0, 0, 1, 0, 0
4.119999999999957, 9.82, -9.779999999541677E-4, -0.25679999999999165, 0.025679999999999165, 0, 25, 200, 1, 1, 0, 0, 0, 0
4.1699999999999555, 9.82, -7.979999999539623E-4, -0.29099999999998954, 0.029099999999998957, 1, 29, 145, 1, 0, 1, 0, 0, 0
4.1699999999999555, 9.82, -7.979999999539623E-4, -0.29099999999998954, 0.029099999999998957, 0, 29, 145, 1, 1, 0, 0, 0, 0
4.209999999999955, 9.82, -8.899999999538355E-4, -0.24779999999999164, 0.024779999999999164, 1, 24, 192, 1, 0, 0, 1, 0, 0
4.209999999999955, 9.82, -8.899999999538355E-4, -0.24779999999999164, 0.024779999999999164, 0, 24, 192, 1, 1, 0, 0, 0, 0
4.259999999999954, 9.82, -0.0011099999999536216, -0.29899999999998955, 0.029899999999998955, 1, 29, 145, 1, 0, 1, 0, 0, 0
4.259999999999954, 9.82, -0.0011099999999536216, -0.29899999999998955, 0.029899999999998955, 0, 29, 145, 1, 1, 0, 0, 0, 0
4.299999999999953, 9.82, -0.0012019999999534948, -0.24779999999999164, 0.024779999999999164, 1, 24, 120, 1, 0, 1, 0, 0, 0
4.299999999999953, 9.82, -0.0012019999999534948, -0.24779999999999164, 0.024779999999999164, 0, 24, 120, 1, 1, 0, 0, 0, 0
4.329999999999952, 9.82, -5.479999999534464E-4, -0.17459999999999376, 0.017459999999999375, 1, 17, 85, 1, 0, 1, 0, 0, 0
4.329999999999952, 9.82, -5.479999999534464E-4, -0.17459999999999376, 0.017459999999999375, 0, 17, 85, 1, 1, 0, 0, 0, 0
4.3599999999999515, 9.82, -9.439999999533751E-4, -0.20959999999999374, 0.020959999999999375, 1, 20, 100, 1, 0, 1, 0, 0, 0
4.3599999999999515, 9.82, -9.439999999533751E-4, -0.20959999999999374, 0.020959999999999375, 0, 20, 100, 1, 1, 0, 0, 0, 0
4.389999999999951, 9.82, -8.899999999533136E-4, -0.19459999999999372, 0.019459999999999374, 1, 19, 95, 1, 0, 1, 0, 0, 0
4.389999999999951, 9.82, -8.899999999533136E-4, -0.19459999999999372, 0.019459999999999374, 0, 19, 95, 1, 1, 0, 0, 0, 0
4.41999999999995, 9.82, -9.859999999532489E-4, -0.19959999999999373, 0.019959999999999374, 1, 19, 152, 1, 0, 0, 1, 0, 0
4.41999999999995, 9.82, -9.859999999532489E-4, -0.19959999999999373, 0.019959999999999374, 0, 19, 152, 1, 1, 0, 0, 0, 0
4.459999999999949, 9.82, -7.979999999531277E-4, -0.24079999999999163, 0.024079999999999165, 1, 24, 120, 1, 0, 1, 0, 0, 0
4.459999999999949, 9.82, -7.979999999531277E-4, -0.24079999999999163, 0.024079999999999165, 0, 24, 120, 1, 1, 0, 0, 0, 0
4.489999999999949, 9.82, -1.4399999995307923E-4, -0.17459999999999376, 0.017459999999999375, 1, 17, 85, 1, 0, 1, 0, 0, 0
4.489999999999949, 9.82, -1.4399999995307923E-4, -0.17459999999999376, 0.017459999999999375, 0, 17, 85, 1, 1, 0, 0, 0, 0
4.519999999999948, 9.82, -5.39999999953008E-4, -0.20959999999999374, 0.020959999999999375, 1, 20, 160, 1, 0, 0, 1, 0, 0
4.519999999999948, 9.82, -5.39999999953008E-4, -0.20959999999999374, 0.020959999999999375, 0, 20, 160, 1, 1, 0, 0, 0, 0
4.559999999999947, 9.82, -3.199999995289328E-5, -0.23279999999999162, 0.023279999999999162, 1, 23, 184, 1, 0, 0, 1, 0, 0
4.559999999999947, 9.82, -3.199999995289328E-5, -0.23279999999999162, 0.023279999999999162, 0, 23, 184, 1, 1, 0, 0, 0, 0
4.609999999999946, 9.82, -6.519999999526718E-4, -0.30699999999998956, 0.030699999999998957, 1, 30, 240, 1, 0, 0, 1, 0, 0
4.609999999999946, 9.82, -6.519999999526718E-4, -0.30699999999998956, 0.030699999999998957, 0, 30, 240, 1, 1, 0, 0, 0, 0
4.669999999999945, 9.82, -9.819999999523522E-4, -0.34919999999998746, 0.03491999999999875, 1, 34, 272, 1, 0, 0, 1, 0, 0
4.669999999999945, 9.82, -9.819999999523522E-4, -0.34919999999998746, 0.03491999999999875, 0, 34, 272, 1, 1, 0, 0, 0, 0
4.739999999999943, 9.82, -0.0025639999999518786, -0.41539999999998534, 0.041539999999998536, 1, 41, 205, 1, 0, 1, 0, 0, 0
4.739999999999943, 9.82, -0.0025639999999518786, -0.41539999999998534, 0.041539999999998536, 0, 41, 205, 1, 1, 0, 0, 0, 0
4.7799999999999425, 9.82, -2.559999999518029E-4, -0.18779999999999167, 0.01877999999999917, 1, 18, 144, 1, 0, 0, 1, 0, 0
4.7799999999999425, 9.82, -2.559999999518029E-4, -0.18779999999999167, 0.01877999999999917, 0, 18, 144, 1, 1, 0, 0, 0, 0
4.819999999999942, 9.82, -3.8799999995167505E-4, -0.24879999999999164, 0.024879999999999167, 1, 24, 120, 1, 0, 1, 0, 0, 0
4.819999999999942, 9.82, -3.8799999995167505E-4, -0.24879999999999164, 0.024879999999999167, 0, 24, 120, 1, 1, 0, 0, 0, 0
4.859999999999941, 9.82, -0.001479999999951527, -0.27279999999999166, 0.027279999999999166, 1, 27, 135, 1, 0, 1, 0, 0, 0
4.859999999999941, 9.82, -0.001479999999951527, -0.27279999999999166, 0.027279999999999166, 0, 27, 135, 1, 1, 0, 0, 0, 0
4.88999999999994, 9.82, -3.759999999514878E-4, -0.15959999999999375, 0.015959999999999374, 1, 15, 120, 1, 0, 0, 1, 0, 0
4.88999999999994, 9.82, -3.759999999514878E-4, -0.15959999999999375, 0.015959999999999374, 0, 15, 120, 1, 1, 0, 0, 0, 0
4.929999999999939, 9.82, -0.0014679999999513398, -0.27279999999999166, 0.027279999999999166, 1, 27, 216, 1, 0, 0, 1, 0, 0
4.929999999999939, 9.82, -0.0014679999999513398, -0.27279999999999166, 0.027279999999999166, 0, 27, 216, 1, 1, 0, 0, 0, 0
4.979999999999938, 9.82, -4.879999999511521E-4, -0.2749999999999896, 0.02749999999999896, 1, 27, 216, 1, 0, 0, 1, 0, 0
4.979999999999938, 9.82, -4.879999999511521E-4, -0.2749999999999896, 0.02749999999999896, 0, 27, 216, 1, 1, 0, 0, 0, 0
5.039999999999937, 9.82, -0.002257999999950801, -0.3731999999999875, 0.03731999999999875, 1, 37, 296, 1, 0, 0, 1, 0, 0
5.039999999999937, 9.82, -0.002257999999950801, -0.3731999999999875, 0.03731999999999875, 0, 37, 296, 1, 1, 0, 0, 0, 0
5.1099999999999355, 9.82, -0.0021599999999503657, -0.39139999999998537, 0.03913999999999854, 1, 39, 195, 1, 0, 1, 0, 0, 0
5.1099999999999355, 9.82, -0.0021599999999503657, -0.39139999999998537, 0.03913999999999854, 0, 39, 195, 1, 1, 0, 0, 0, 0
5.149999999999935, 9.82, -2.5199999995028104E-4, -0.19779999999999165, 0.019779999999999166, 1, 19, 152, 1, 0, 0, 1, 0, 0
5.149999999999935, 9.82, -2.5199999995028104E-4, -0.19779999999999165, 0.019779999999999166, 0, 19, 152, 1, 1, 0, 0, 0, 0
5.189999999999934, 9.82, -6.399999995015991E-5, -0.24079999999999163, 0.024079999999999165, 1, 24, 120, 1, 0, 1, 0, 0, 0
5.189999999999934, 9.82, -6.399999995015991E-5, -0.24079999999999163, 0.024079999999999165, 0, 24, 120, 1, 1, 0, 0, 0, 0
5.229999999999933, 9.82, -0.001155999999950012, -0.27279999999999166, 0.027279999999999166, 1, 27, 216, 1, 0, 0, 1, 0, 0
5.229999999999933, 9.82, -0.001155999999950012, -0.27279999999999166, 0.027279999999999166, 0, 27, 216, 1, 1, 0, 0, 0, 0
5.279999999999932, 9.82, -1.7599999994982393E-4, -0.2749999999999896, 0.02749999999999896, 1, 27, 216, 1, 0, 0, 1, 0, 0
5.279999999999932, 9.82, -1.7599999994982393E-4, -0.2749999999999896, 0.02749999999999896, 0, 27, 216, 1, 1, 0, 0, 0, 0
5.339999999999931, 9.82, -0.0019459999999494736, -0.3731999999999875, 0.03731999999999875, 1, 37, 185, 1, 0, 1, 0, 0, 0
5.339999999999931, 9.82, -0.0019459999999494736, -0.3731999999999875, 0.03731999999999875, 0, 37, 185, 1, 1, 0, 0, 0, 0
5.37999999999993, 9.82, -4.379999999493806E-4, -0.20779999999999166, 0.020779999999999167, 1, 20, 160, 1, 0, 0, 1, 0, 0
5.37999999999993, 9.82, -4.379999999493806E-4, -0.20779999999999166, 0.020779999999999167, 0, 20, 160, 1, 1, 0, 0, 0, 0
5.429999999999929, 9.82, -0.0022579999999491323, -0.3309999999999895, 0.03309999999999896, 1, 33, 264, 1, 0, 0, 1, 0, 0
5.429999999999929, 9.82, -0.0022579999999491323, -0.3309999999999895, 0.03309999999999896, 0, 33, 264, 1, 1, 0, 0, 0, 0
5.489999999999927, 9.82, -0.0011479999999488414, -0.32519999999998744, 0.032519999999998744, 1, 32, 256, 1, 0, 0, 1, 0, 0
5.489999999999927, 9.82, -0.0011479999999488414, -0.32519999999998744, 0.032519999999998744, 0, 32, 256, 1, 1, 0, 0, 0, 0
0.0, 9.82, 4.0, 0.0, 0.0, 0, 0, 0, 0, 1, 0, 0, 0, 0
0.9100000000000006, 9.82, -0.021290000000009288, -8.936200000000019, 0.893620000000002, 1, 893, 7144, 1, 0, 1, 0, 0, 0
0.9100000000000006, 9.82, -0.021290000000009288, -8.936200000000019, 0.893620000000002, 0, 893, 7144, 1, 1, 0, 0, 0, 0
0.9100000000000006, 9.82, -0.021290000000009288, 7.144, 0.893620000000002, 0, 893, 7144, 1, 1, 0, 0, 1, 1
0.0, 9.82, 4.0, 0.0, 0.0, 0, 0, 0, 0, 1, 0, 0, 0, 0
0.9100000000000006, 9.82, -0.021290000000009288, -8.936200000000019, 0.893620000000002, 1, 893, 7144, 1, 0, 1, 0, 0, 0
0.9100000000000006, 9.82, -0.021290000000009288, -8.936200000000019, 0.893620000000002, 0, 893, 7144, 1, 1, 0, 0, 0, 0
0.9100000000000006, 9.82, -0.021290000000009288, 7.144, 0.893620000000002, 0, 893, 7144, 1, 1, 0, 0, 1, 1
0.0, 9.82, 4.0, 0.0, 0.0, 0, 0, 0, 0, 1, 0, 0, 0, 0
0.9100000000000006, 9.82, -0.021290000000009288, -8.936200000000019, 0.893620000000002, 1, 893, 4465, 1, 0, 1, 0, 0, 0
0.9100000000000006, 9.82, -0.021290000000009288, -8.936200000000019, 0.893620000000002, 0, 893, 4465, 1, 1, 0, 0, 0, 0
1.8300000000000014, 9.82, -0.02414200000001731, -4.569400000000018, 0.4569400000000018, 1, 456, 3648, 1, 0, 0, 1, 0, 0
1.8300000000000014, 9.82, -0.02414200000001731, -4.569400000000018, 0.4569400000000018, 0, 456, 3648, 1, 1, 0, 0, 0, 0
2.579999999999989, 9.82, -0.013191999999974273, -3.716999999999883, 0.3716999999999883, 1, 371, 1855, 1, 0, 1, 0, 0, 0
2.579999999999989, 9.82, -0.013191999999974273, -3.716999999999883, 0.3716999999999883, 0, 371, 1855, 1, 1, 0, 0, 0, 0
2.9699999999999807, 9.82, -0.017403999999958588, -1.9747999999999177, 0.19747999999999177, 1, 197, 985, 1, 0, 1, 0, 0, 0
2.9699999999999807, 9.82, -0.017403999999958588, -1.9747999999999177, 0.19747999999999177, 0, 197, 985, 1, 1, 0, 0, 0, 0
3.1699999999999764, 9.82, -0.006983999999954879, -0.9789999999999586, 0.09789999999999587, 1, 97, 776, 1, 0, 0, 1, 0, 0
3.1699999999999764, 9.82, -0.006983999999954879, -0.9789999999999586, 0.09789999999999587, 0, 97, 776, 1, 1, 0, 0, 0, 0
3.329999999999973, 9.82, -6.639999999525116E-4, -0.7951999999999667, 0.07951999999999668, 1, 79, 395, 1, 0, 1, 0, 0, 0
3.329999999999973, 9.82, -6.639999999525116E-4, -0.7951999999999667, 0.07951999999999668, 0, 79, 395, 1, 1, 0, 0, 0, 0
3.419999999999971, 9.82, -4.6599999995176064E-4, -0.48879999999998114, 0.04887999999999812, 1, 48, 384, 1, 0, 0, 1, 0, 0
3.419999999999971, 9.82, -4.6599999995176064E-4, -0.48879999999998114, 0.04887999999999812, 0, 48, 384, 1, 1, 0, 0, 0, 0
3.509999999999969, 9.82, -0.0012579999999509902, -0.49979999999998115, 0.049979999999998116, 1, 49, 245, 1, 0, 1, 0, 0, 0
3.509999999999969, 9.82, -0.0012579999999509902, -0.49979999999998115, 0.049979999999998116, 0, 49, 245, 1, 1, 0, 0, 0, 0
3.569999999999968, 9.82, -0.0012879999999506756, -0.34419999999998746, 0.03441999999999875, 1, 34, 170, 1, 0, 1, 0, 0, 0
3.569999999999968, 9.82, -0.0012879999999506756, -0.34419999999998746, 0.03441999999999875, 0, 34, 170, 1, 1, 0, 0, 0, 0
3.609999999999967, 9.82, -3.799999999505695E-4, -0.22279999999999164, 0.022279999999999165, 1, 22, 176, 1, 0, 0, 1, 0, 0
3.609999999999967, 9.82, -3.799999999505695E-4, -0.22279999999999164, 0.022279999999999165, 0, 22, 176, 1, 1, 0, 0, 0, 0
3.659999999999966, 9.82, -0.0013999999999503396, -0.31499999999998957, 0.03149999999999896, 1, 31, 248, 1, 0, 0, 1, 0, 0
3.659999999999966, 9.82, -0.0013999999999503396, -0.31499999999998957, 0.03149999999999896, 0, 31, 248, 1, 1, 0, 0, 0, 0
3.7199999999999647, 9.82, -0.0012499999999500296, -0.34119999999998746, 0.03411999999999875, 1, 34, 272, 1, 0, 0, 1, 0, 0
3.7199999999999647, 9.82, -0.0012499999999500296, -0.34119999999998746, 0.03411999999999875, 0, 34, 272, 1, 1, 0, 0, 0, 0
3.789999999999963, 9.82, -0.002831999999949556, -0.41539999999998534, 0.041539999999998536, 1, 41, 205, 1, 0, 1, 0, 0, 0
3.789999999999963, 9.82, -0.002831999999949556, -0.41539999999998534, 0.041539999999998536, 0, 41, 205, 1, 1, 0, 0, 0, 0
3.8299999999999623, 9.82, -5.239999999494802E-4, -0.18779999999999167, 0.01877999999999917, 1, 18, 144, 1, 0, 0, 1, 0, 0
3.8299999999999623, 9.82, -5.239999999494802E-4, -0.18779999999999167, 0.01877999999999917, 0, 18, 144, 1, 1, 0, 0, 0, 0
3.8699999999999615, 9.82, -6.559999999493525E-4, -0.24879999999999164, 0.024879999999999167, 1, 24, 120, 1, 0, 1, 0, 0, 0
3.8699999999999615, 9.82, -6.559999999493525E-4, -0.24879999999999164, 0.024879999999999167, 0, 24, 120, 1, 1, 0, 0, 0, 0
3.899999999999961, 9.82, -1.999999949304056E-6, -0.17459999999999376, 0.017459999999999375, 1, 17, 136, 1, 0, 0, 1, 0, 0
3.899999999999961, 9.82, -1.999999949304056E-6, -0.17459999999999376, 0.017459999999999375, 0, 17, 136, 1, 1, 0, 0, 0, 0
3.93999999999996, 9.82, -4.539999999491691E-4, -0.25679999999999165, 0.025679999999999165, 1, 25, 125, 1, 0, 1, 0, 0, 0
3.93999999999996, 9.82, -4.539999999491691E-4, -0.25679999999999165, 0.025679999999999165, 0, 25, 125, 1, 1, 0, 0, 0, 0
3.979999999999959, 9.82, -0.0013459999999490251, -0.26779999999999166, 0.026779999999999166, 1, 26, 208, 1, 0, 0, 1, 0, 0
3.979999999999959, 9.82, -0.0013459999999490251, -0.26779999999999166, 0.026779999999999166, 0, 26, 208, 1, 1, 0, 0, 0, 0
4.0299999999999585, 9.82, -7.659999999489113E-4, -0.2829999999999939, 0.028299999999999395, 1, 28, 140, 1, 0, 1, 0, 0, 0
4.0299999999999585, 9.82, -7.659999999489113E-4, -0.2829999999999939, 0.028299999999999395, 0, 28, 140, 1, 1, 0, 0, 0, 0
4.069999999999958, 9.82, -0.0010579999999487796, -0.25279999999999164, 0.025279999999999164, 1, 25, 125, 1, 0, 1, 0, 0, 0
4.069999999999958, 9.82, -0.0010579999999487796, -0.25279999999999164, 0.025279999999999164, 0, 25, 125, 1, 1, 0, 0, 0, 0
4.099999999999957, 9.82, -2.539999999487342E-4, -0.16959999999999376, 0.016959999999999375, 1, 16, 128, 1, 0, 0, 1, 0, 0
4.099999999999957, 9.82, -2.539999999487342E-4, -0.16959999999999376, 0.016959999999999375, 0, 16, 128, 1, 1, 0, 0, 0, 0
4.139999999999956, 9.82, -0.0010259999999485923, -0.26479999999999165, 0.026479999999999167, 1, 26, 130, 1, 0, 1, 0, 0, 0
4.139999999999956, 9.82, -0.0010259999999485923, -0.26479999999999165, 0.026479999999999167, 0, 26, 130, 1, 1, 0, 0, 0, 0
4.1699999999999555, 9.82, -7.199999994854985E-5, -0.16459999999999375, 0.016459999999999374, 1, 16, 128, 1, 0, 0, 1, 0, 0
4.1699999999999555, 9.82, -7.199999994854985E-5, -0.16459999999999375, 0.016459999999999374, 0, 16, 128, 1, 1, 0, 0, 0, 0
4.209999999999955, 9.82, -8.43999999948408E-4, -0.26479999999999165, 0.026479999999999167, 1, 26, 208, 1, 0, 0, 1, 0, 0
4.209999999999955, 9.82, -8.43999999948408E-4, -0.26479999999999165, 0.026479999999999167, 0, 26, 208, 1, 1, 0, 0, 0, 0
4.259999999999954, 9.82, -2.6399999994821213E-4, -0.2829999999999896, 0.02829999999999896, 1, 28, 224, 1, 0, 0, 1, 0, 0
4.259999999999954, 9.82, -2.6399999994821213E-4, -0.2829999999999896, 0.02829999999999896, 0, 28, 224, 1, 1, 0, 0, 0, 0
4.319999999999952, 9.82, -0.001553999999947872, -0.3651999999999875, 0.03651999999999875, 1, 36, 180, 1, 0, 1, 0, 0, 0
4.319999999999952, 9.82, -0.001553999999947872, -0.3651999999999875, 0.03651999999999875, 0, 36, 180, 1, 1, 0, 0, 0, 0
4.3599999999999515, 9.82, -2.459999999477751E-4, -0.21279999999999166, 0.021279999999999168, 1, 21, 168, 1, 0, 0, 1, 0, 0
4.3599999999999515, 9.82, -2.459999999477751E-4, -0.21279999999999166, 0.021279999999999168, 0, 21, 168, 1, 1, 0, 0, 0, 0
4.40999999999995, 9.82, -0.001665999999947535, -0.3229999999999895, 0.032299999999998955, 1, 32, 160, 1, 0, 1, 0, 0, 0
4.40999999999995, 9.82, -0.001665999999947535, -0.3229999999999895, 0.032299999999998955, 0, 32, 160, 1, 1, 0, 0, 0, 0
4.4499999999999496, 9.82, -0.00115799999994742, -0.23279999999999162, 0.023279999999999162, 1, 23, 184, 1, 0, 0, 1, 0, 0
4.4499999999999496, 9.82, -0.00115799999994742, -0.23279999999999162, 0.023279999999999162, 0, 23, 184, 1, 1, 0, 0, 0, 0
4.4999999999999485, 9.82, -0.0017779999999471986, -0.30699999999998956, 0.030699999999998957, 1, 30, 150, 1, 0, 1, 0, 0, 0
4.4999999999999485, 9.82, -0.0017779999999471986, -0.30699999999998956, 0.030699999999998957, 0, 30, 150, 1, 1, 0, 0, 0, 0
4.529999999999948, 9.82, -2.239999999471693E-4, -0.14459999999999373, 0.014459999999999374, 1, 14, 112, 1, 0, 0, 1, 0, 0
4.529999999999948, 9.82, -2.239999999471693E-4, -0.14459999999999373, 0.014459999999999374, 0, 14, 112, 1, 1, 0, 0, 0, 0
4.569999999999947, 9.82, -0.001635999999947014, -0.28079999999999167, 0.028079999999999168, 1, 28, 224, 1, 0, 0, 1, 0, 0
4.569999999999947, 9.82, -0.001635999999947014, -0.28079999999999167, 0.028079999999999168, 0, 28, 224, 1, 1, 0, 0, 0, 0
4.619999999999946, 9.82, -2.5599999994683543E-4, -0.2669999999999896, 0.02669999999999896, 1, 26, 208, 1, 0, 0, 1, 0, 0
4.619999999999946, 9.82, -2.5599999994683543E-4, -0.2669999999999896, 0.02669999999999896, 0, 26, 208, 1, 1, 0, 0, 0, 0
4.679999999999945, 9.82, -0.0025059999999464755, -0.3811999999999875, 0.03811999999999875, 1, 38, 190, 1, 0, 1, 0, 0, 0
4.679999999999945, 9.82, -0.0025059999999464755, -0.3811999999999875, 0.03811999999999875, 0, 38, 190, 1, 1, 0, 0, 0, 0
4.719999999999944, 9.82, -7.979999999463867E-4, -0.20279999999999165, 0.020279999999999167, 1, 20, 100, 1, 0, 1, 0, 0, 0
4.719999999999944, 9.82, -7.979999999463867E-4, -0.20279999999999165, 0.020279999999999167, 0, 20, 100, 1, 1, 0, 0, 0, 0
4.749999999999943, 9.82, -7.439999999463251E-4, -0.19459999999999372, 0.019459999999999374, 1, 19, 95, 1, 0, 1, 0, 0, 0
4.749999999999943, 9.82, -7.439999999463251E-4, -0.19459999999999372, 0.019459999999999374, 0, 19, 95, 1, 1, 0, 0, 0, 0
4.7799999999999425, 9.82, -8.399999999462605E-4, -0.19959999999999373, 0.019959999999999374, 1, 19, 95, 1, 0, 1, 0, 0, 0
4.7799999999999425, 9.82, -8.399999999462605E-4, -0.19959999999999373, 0.019959999999999374, 0, 19, 95, 1, 1, 0, 0, 0, 0
4.809999999999942, 9.82, -9.359999999461958E-4, -0.19959999999999373, 0.019959999999999374, 1, 19, 152, 1, 0, 0, 1, 0, 0
4.809999999999942, 9.82, -9.359999999461958E-4, -0.19959999999999373, 0.019959999999999374, 0, 19, 152, 1, 1, 0, 0, 0, 0
4.849999999999941, 9.82, -7.479999999460746E-4, -0.24079999999999163, 0.024079999999999165, 1, 24, 192, 1, 0, 0, 1, 0, 0
4.849999999999941, 9.82, -7.479999999460746E-4, -0.24079999999999163, 0.024079999999999165, 0, 24, 192, 1, 1, 0, 0, 0, 0
4.89999999999994, 9.82, -9.679999999458607E-4, -0.29899999999998955, 0.029899999999998955, 1, 29, 232, 1, 0, 0, 1, 0, 0
4.89999999999994, 9.82, -9.679999999458607E-4, -0.29899999999998955, 0.029899999999998955, 0, 29, 232, 1, 1, 0, 0, 0, 0
4.959999999999939, 9.82, -0.001777999999945531, -0.35719999999998747, 0.035719999999998746, 1, 35, 280, 1, 0, 0, 1, 0, 0
4.959999999999939, 9.82, -0.001777999999945531, -0.35719999999998747, 0.035719999999998746, 0, 35, 280, 1, 1, 0, 0, 0, 0
5.029999999999937, 9.82, -0.0027999999999450687, -0.40739999999998533, 0.040739999999998534, 1, 40, 320, 1, 0, 0, 1, 0, 0
5.029999999999937, 9.82, -0.0027999999999450687, -0.40739999999998533, 0.040739999999998534, 0, 40, 320, 1, 1, 0, 0, 0, 0
5.099999999999936, 9.82, -0.0010219999999446668, -0.36739999999998535, 0.03673999999999854, 1, 36, 180, 1, 0, 1, 0, 0, 0
5.099999999999936, 9.82, -0.0010219999999446668, -0.36739999999998535, 0.03673999999999854, 0, 36, 180, 1, 1, 0, 0, 0, 0
5.149999999999935, 9.82, -0.001841999999944441, -0.31099999999998956, 0.03109999999999896, 1, 31, 155, 1, 0, 1, 0, 0, 0
5.149999999999935, 9.82, -0.001841999999944441, -0.31099999999998956, 0.03109999999999896, 0, 31, 155, 1, 1, 0, 0, 0, 0
5.179999999999934, 9.82, -1.379999999444148E-4, -0.13959999999999373, 0.013959999999999374, 1, 13, 104, 1, 0, 0, 1, 0, 0
5.179999999999934, 9.82, -1.379999999444148E-4, -0.13959999999999373, 0.013959999999999374, 0, 13, 104, 1, 1, 0, 0, 0, 0
5.219999999999933, 9.82, -0.001869999999944253, -0.2887999999999917, 0.02887999999999917, 1, 28, 224, 1, 0, 0, 1, 0, 0
5.219999999999933, 9.82, -0.001869999999944253, -0.2887999999999917, 0.02887999999999917, 0, 28, 224, 1, 1, 0, 0, 0, 0
5.269999999999932, 9.82, -4.899999999440745E-4, -0.2669999999999896, 0.02669999999999896, 1, 26, 130, 1, 0, 1, 0, 0, 0
5.269999999999932, 9.82, -4.899999999440745E-4, -0.2669999999999896, 0.02669999999999896, 0, 26, 130, 1, 1, 0, 0, 0, 0
5.309999999999931, 9.82, -0.0011819999999439345, -0.26279999999999165, 0.026279999999999165, 1, 26, 208, 1, 0, 0, 1, 0, 0
5.309999999999931, 9.82, -0.0011819999999439345, -0.26279999999999165, 0.026279999999999165, 0, 26, 208, 1, 1, 0, 0, 0, 0
5.35999999999993, 9.82, -6.019999999437385E-4, -0.2829999999999896, 0.02829999999999896, 1, 28, 224, 1, 0, 0, 1, 0, 0
5.35999999999993, 9.82, -6.019999999437385E-4, -0.2829999999999896, 0.02829999999999896, 0, 28, 224, 1, 1, 0, 0, 0, 0
5.419999999999929, 9.82, -0.0018919999999433984, -0.3651999999999875, 0.03651999999999875, 1, 36, 180, 1, 0, 1, 0, 0, 0
5.419999999999929, 9.82, -0.0018919999999433984, -0.3651999999999875, 0.03651999999999875, 0, 36, 180, 1, 1, 0, 0, 0, 0
5.459999999999928, 9.82, -5.839999999433014E-4, -0.21279999999999166, 0.021279999999999168, 1, 21, 168, 1, 0, 0, 1, 0, 0
5.459999999999928, 9.82, -5.839999999433014E-4, -0.21279999999999166, 0.021279999999999168, 0, 21, 168, 1, 1, 0, 0, 0, 0
0.0, 9.82, 4.0, 0.0, 0.0, 0, 0, 0, 0, 1, 0, 0, 0, 0
0.9100000000000006, 9.82, -0.021290000000009288, -8.936200000000019, 0.893620000000002, 1, 893, 7144, 1, 0, 1, 0, 0, 0
0.9100000000000006, 9.82, -0.021290000000009288, -8.936200000000019, 0.893620000000002, 0, 893, 7144, 1, 1, 0, 0, 0, 0
0.9100000000000006, 9.82, -0.021290000000009288, 7.144, 0.893620000000002, 0, 893, 7144, 1, 1, 0, 0, 1, 1
0.0, 9.82, 4.0, 0.0, 0.0, 0, 0, 0, 0, 1, 0, 0, 0, 0
0.9100000000000006, 9.82, -0.021290000000009288, -8.936200000000019, 0.893620000000002, 1, 893, 4465, 1, 0, 1, 0, 0, 0
0.9100000000000006, 9.82, -0.021290000000009288, -8.936200000000019, 0.893620000000002, 0, 893, 4465, 1, 1, 0, 0, 0, 0
1.8300000000000014, 9.82, -0.02414200000001731, -4.569400000000018, 0.4569400000000018, 1, 456, 3648, 1, 0, 0, 1, 0, 0
1.8300000000000014, 9.82, -0.02414200000001731, -4.569400000000018, 0.4569400000000018, 0, 456, 3648, 1, 1, 0, 0, 0, 0
2.579999999999989, 9.82, -0.013191999999974273, -3.716999999999883, 0.3716999999999883, 1, 371, 2968, 1, 0, 0, 1, 0, 0
2.579999999999989, 9.82, -0.013191999999974273, -3.716999999999883, 0.3716999999999883, 0, 371, 2968, 1, 1, 0, 0, 0, 0
3.1999999999999758, 9.82, -0.029993999999934916, -3.1203999999998726, 0.31203999999998727, 1, 312, 2496, 1, 0, 0, 1, 0, 0
3.1999999999999758, 9.82, -0.029993999999934916, -3.1203999999998726, 0.31203999999998727, 0, 312, 2496, 1, 1, 0, 0, 0, 0
3.709999999999965, 9.82, -0.00908399999990898, -2.5121999999998943, 0.25121999999998945, 1, 251, 2008, 1, 0, 0, 1, 0, 0
3.709999999999965, 9.82, -0.00908399999990898, -2.5121999999998943, 0.25121999999998945, 0, 251, 2008, 1, 1, 0, 0, 0, 0
4.129999999999956, 9.82, -0.011225999999891632, -2.1163999999999157, 0.21163999999999158, 1, 211, 1055, 1, 0, 1, 0, 0, 0
4.129999999999956, 9.82, -0.011225999999891632, -2.1163999999999157, 0.21163999999999158, 0, 211, 1055, 1, 1, 0, 0, 0, 0
4.349999999999952, 9.82, -0.005967999999886972, -1.1053999999999544, 0.11053999999999545, 1, 110, 880, 1, 0, 0, 1, 0, 0
4.349999999999952, 9.82, -0.005967999999886972, -1.1053999999999544, 0.11053999999999545, 0, 110, 880, 1, 1, 0, 0, 0, 0
4.539999999999948, 9.82, -0.006689999999883397, -0.9857999999999606, 0.09857999999999606, 1, 98, 490, 1, 0, 1, 0, 0, 0
4.539999999999948, 9.82, -0.006689999999883397, -0.9857999999999606, 0.09857999999999606, 0, 98, 490, 1, 1, 0, 0, 0, 0
4.6399999999999455, 9.82, -0.001879999999882558, -0.49199999999997907, 0.04919999999999791, 1, 49, 245, 1, 0, 1, 0, 0, 0
4.6399999999999455, 9.82, -0.001879999999882558, -0.49199999999997907, 0.04919999999999791, 0, 49, 245, 1, 1, 0, 0, 0, 0
4.699999999999944, 9.82, -0.0019099999998822435, -0.34419999999998746, 0.03441999999999875, 1, 34, 272, 1, 0, 0, 1, 0, 0
4.699999999999944, 9.82, -0.0019099999998822435, -0.34419999999998746, 0.03441999999999875, 0, 34, 272, 1, 1, 0, 0, 0, 0
4.759999999999943, 9.82, -3.199999998819631E-4, -0.31719999999998744, 0.03171999999999874, 1, 31, 248, 1, 0, 0, 1, 0, 0
4.759999999999943, 9.82, -3.199999998819631E-4, -0.31719999999998744, 0.03171999999999874, 0, 31, 248, 1, 1, 0, 0, 0, 0
4.819999999999942, 9.82, -1.6999999988165284E-4, -0.34119999999998746, 0.03411999999999875, 1, 34, 272, 1, 0, 0, 1, 0, 0
4.819999999999942, 9.82, -1.6999999988165284E-4, -0.34119999999998746, 0.03411999999999875, 0, 34, 272, 1, 1, 0, 0, 0, 0
4.88999999999994, 9.82, -0.001751999999881179, -0.41539999999998534, 0.041539999999998536, 1, 41, 328, 1, 0, 0, 1, 0, 0
4.88999999999994, 9.82, -0.001751999999881179, -0.41539999999998534, 0.041539999999998536, 0, 41, 328, 1, 1, 0, 0, 0, 0
4.9699999999999385, 9.82, -0.0030079999998805654, -0.45759999999998324, 0.04575999999999833, 1, 45, 360, 1, 0, 0, 1, 0, 0
4.9699999999999385, 9.82, -0.0030079999998805654, -0.45759999999998324, 0.04575999999999833, 0, 45, 360, 1, 1, 0, 0, 0, 0
5.049999999999937, 9.82, -0.0017039999998800085, -0.42559999999998327, 0.04255999999999833, 1, 42, 210, 1, 0, 1, 0, 0, 0
5.049999999999937, 9.82, -0.0017039999998800085, -0.42559999999998327, 0.04255999999999833, 0, 42, 210, 1, 1, 0, 0, 0, 0
5.099999999999936, 9.82, -0.0010239999998798148, -0.2809999999999896, 0.02809999999999896, 1, 28, 224, 1, 0, 0, 1, 0, 0
5.099999999999936, 9.82, -0.0010239999998798148, -0.2809999999999896, 0.02809999999999896, 0, 28, 224, 1, 1, 0, 0, 0, 0
5.159999999999934, 9.82, -0.002313999999879475, -0.3651999999999875, 0.03651999999999875, 1, 36, 180, 1, 0, 1, 0, 0, 0
5.159999999999934, 9.82, -0.002313999999879475, -0.3651999999999875, 0.03651999999999875, 0, 36, 180, 1, 1, 0, 0, 0, 0
5.199999999999934, 9.82, -0.001005999999879378, -0.21279999999999166, 0.021279999999999168, 1, 21, 168, 1, 0, 0, 1, 0, 0
5.199999999999934, 9.82, -0.001005999999879378, -0.21279999999999166, 0.021279999999999168, 0, 21, 168, 1, 1, 0, 0, 0, 0
5.239999999999933, 9.82, -1.7799999987926974E-4, -0.22479999999999162, 0.022479999999999164, 1, 22, 176, 1, 0, 0, 1, 0, 0
5.239999999999933, 9.82, -1.7799999987926974E-4, -0.22479999999999162, 0.022479999999999164, 0, 22, 176, 1, 1, 0, 0, 0, 0
5.289999999999932, 9.82, -0.00119799999987904, -0.31499999999998957, 0.03149999999999896, 1, 31, 155, 1, 0, 1, 0, 0, 0
5.289999999999932, 9.82, -0.00119799999987904, -0.31499999999998957, 0.03149999999999896, 0, 31, 155, 1, 1, 0, 0, 0, 0
5.329999999999931, 9.82, -8.899999998789212E-4, -0.23779999999999163, 0.023779999999999163, 1, 23, 115, 1, 0, 1, 0, 0, 0
5.329999999999931, 9.82, -8.899999998789212E-4, -0.23779999999999163, 0.023779999999999163, 0, 23, 115, 1, 1, 0, 0, 0, 0
5.35999999999993, 9.82, -3.859999998788693E-4, -0.17959999999999374, 0.017959999999999376, 1, 17, 85, 1, 0, 1, 0, 0, 0
5.35999999999993, 9.82, -3.859999998788693E-4, -0.17959999999999374, 0.017959999999999376, 0, 17, 85, 1, 1, 0, 0, 0, 0
5.3899999999999295, 9.82, -7.81999999878798E-4, -0.20959999999999374, 0.020959999999999375, 1, 20, 160, 1, 0, 0, 1, 0, 0
5.3899999999999295, 9.82, -7.81999999878798E-4, -0.20959999999999374, 0.020959999999999375, 0, 20, 160, 1, 1, 0, 0, 0, 0
5.429999999999929, 9.82, -2.7399999987868314E-4, -0.23279999999999162, 0.023279999999999162, 1, 23, 115, 1, 0, 1, 0, 0, 0
5.429999999999929, 9.82, -2.7399999987868314E-4, -0.23279999999999162, 0.023279999999999162, 0, 23, 115, 1, 1, 0, 0, 0, 0
5.469999999999928, 9.82, -0.0015659999998785302, -0.27779999999999166, 0.027779999999999166, 1, 27, 216, 1, 0, 0, 1, 0, 0
5.469999999999928, 9.82, -0.0015659999998785302, -0.27779999999999166, 0.027779999999999166, 0, 27, 216, 1, 1, 0, 0, 0, 0
0.0, 9.82, 4.0, 0.0, 0.0, 0, 0, 0, 0, 1, 0, 0, 0, 0
0.9100000000000006, 9.82, -0.021290000000009288, -8.936200000000019, 0.893620000000002, 1, 893, 7144, 1, 0, 1, 0, 0, 0
0.9100000000000006, 9.82, -0.021290000000009288, -8.936200000000019, 0.893620000000002, 0, 893, 7144, 1, 1, 0, 0, 0, 0
0.9100000000000006, 9.82, -0.021290000000009288, 7.144, 0.893620000000002, 0, 893, 7144, 1, 1, 0, 0, 1, 1
0.0, 9.82, 4.0, 0.0, 0.0, 0, 0, 0, 0, 1, 0, 0, 0, 0
0.9100000000000006, 9.82, -0.021290000000009288, -8.936200000000019, 0.893620000000002, 1, 893, 4465, 1, 0, 1, 0, 0, 0
0.9100000000000006, 9.82, -0.021290000000009288, -8.936200000000019, 0.893620000000002, 0, 893, 4465, 1, 1, 0, 0, 0, 0
1.8300000000000014, 9.82, -0.02414200000001731, -4.569400000000018, 0.4569400000000018, 1, 456, 3648, 1, 0, 0, 1, 0, 0
1.8300000000000014, 9.82, -0.02414200000001731, -4.569400000000018, 0.4569400000000018, 0, 456, 3648, 1, 1, 0, 0, 0, 0
2.579999999999989, 9.82, -0.013191999999974273, -3.716999999999883, 0.3716999999999883, 1, 371, 2968, 1, 0, 0, 1, 0, 0
2.579999999999989, 9.82, -0.013191999999974273, -3.716999999999883, 0.3716999999999883, 0, 371, 2968, 1, 1, 0, 0, 0, 0
3.1999999999999758, 9.82, -0.029993999999934916, -3.1203999999998726, 0.31203999999998727, 1, 312, 2496, 1, 0, 0, 1, 0, 0
3.1999999999999758, 9.82, -0.029993999999934916, -3.1203999999998726, 0.31203999999998727, 0, 312, 2496, 1, 1, 0, 0, 0, 0
3.709999999999965, 9.82, -0.00908399999990898, -2.5121999999998943, 0.25121999999998945, 1, 251, 1255, 1, 0, 1, 0, 0, 0
3.709999999999965, 9.82, -0.00908399999990898, -2.5121999999998943, 0.25121999999998945, 0, 251, 1255, 1, 1, 0, 0, 0, 0
3.9699999999999593, 9.82, -0.0019339999999023853, -1.2981999999999458, 0.12981999999999458, 1, 129, 645, 1, 0, 1, 0, 0, 0
3.9699999999999593, 9.82, -0.0019339999999023853, -1.2981999999999458, 0.12981999999999458, 0, 129, 645, 1, 1, 0, 0, 0, 0
4.109999999999957, 9.82, -9.95999999900788E-4, -0.7297999999999752, 0.07297999999999753, 1, 72, 576, 1, 0, 0, 1, 0, 0
4.109999999999957, 9.82, -9.95999999900788E-4, -0.7297999999999752, 0.07297999999999753, 0, 72, 576, 1, 1, 0, 0, 0, 0
4.239999999999954, 9.82, -0.0027119999998991198, -0.7005999999999729, 0.07005999999999729, 1, 70, 560, 1, 0, 0, 1, 0, 0
4.239999999999954, 9.82, -0.0027119999998991198, -0.7005999999999729, 0.07005999999999729, 0, 70, 560, 1, 1, 0, 0, 0, 0
4.3599999999999515, 9.82, -3.2399999989778105E-4, -0.6183999999999749, 0.06183999999999749, 1, 61, 488, 1, 0, 0, 1, 0, 0
4.3599999999999515, 9.82, -3.2399999989778105E-4, -0.6183999999999749, 0.06183999999999749, 0, 61, 488, 1, 1, 0, 0, 0, 0
4.469999999999949, 9.82, -6.539999998966236E-4, -0.592199999999977, 0.0592199999999977, 1, 59, 295, 1, 0, 1, 0, 0, 0
4.469999999999949, 9.82, -6.539999998966236E-4, -0.592199999999977, 0.0592199999999977, 0, 59, 295, 1, 1, 0, 0, 0, 0
4.539999999999948, 9.82, -6.259999998961857E-4, -0.39239999999998537, 0.03923999999999854, 1, 39, 312, 1, 0, 0, 1, 0, 0
4.539999999999948, 9.82, -6.259999998961857E-4, -0.39239999999998537, 0.03923999999999854, 0, 39, 312, 1, 1, 0, 0, 0, 0
4.619999999999946, 9.82, -0.0031619999998955465, -0.47359999999998326, 0.04735999999999833, 1, 47, 376, 1, 0, 0, 1, 0, 0
4.619999999999946, 9.82, -0.0031619999998955465, -0.47359999999998326, 0.04735999999999833, 0, 47, 376, 1, 1, 0, 0, 0, 0
4.699999999999944, 9.82, -5.779999998950154E-4, -0.40959999999998326, 0.04095999999999833, 1, 40, 200, 1, 0, 1, 0, 0, 0
4.699999999999944, 9.82, -5.779999998950154E-4, -0.40959999999998326, 0.04095999999999833, 0, 40, 200, 1, 1, 0, 0, 0, 0
4.749999999999943, 9.82, -3.9799999989480975E-4, -0.29099999999998954, 0.029099999999998957, 1, 29, 145, 1, 0, 1, 0, 0, 0
4.749999999999943, 9.82, -3.9799999989480975E-4, -0.29099999999998954, 0.029099999999998957, 0, 29, 145, 1, 1, 0, 0, 0, 0
4.789999999999942, 9.82, -4.89999999894683E-4, -0.24779999999999164, 0.024779999999999164, 1, 24, 120, 1, 0, 1, 0, 0, 0
4.789999999999942, 9.82, -4.89999999894683E-4, -0.24779999999999164, 0.024779999999999164, 0, 24, 120, 1, 1, 0, 0, 0, 0
4.8299999999999415, 9.82, -0.001581999999894535, -0.27279999999999166, 0.027279999999999166, 1, 27, 216, 1, 0, 0, 1, 0, 0
4.8299999999999415, 9.82, -0.001581999999894535, -0.27279999999999166, 0.027279999999999166, 0, 27, 216, 1, 1, 0, 0, 0, 0
4.87999999999994, 9.82, -6.019999998943472E-4, -0.2749999999999896, 0.02749999999999896, 1, 27, 216, 1, 0, 0, 1, 0, 0
4.87999999999994, 9.82, -6.019999998943472E-4, -0.2749999999999896, 0.02749999999999896, 0, 27, 216, 1, 1, 0, 0, 0, 0
4.939999999999939, 9.82, -0.0023719999998939962, -0.3731999999999875, 0.03731999999999875, 1, 37, 296, 1, 0, 0, 1, 0, 0
4.939999999999939, 9.82, -0.0023719999998939962, -0.3731999999999875, 0.03731999999999875, 0, 37, 296, 1, 1, 0, 0, 0, 0
5.009999999999938, 9.82, -0.002273999999893561, -0.39139999999998537, 0.03913999999999854, 1, 39, 312, 1, 0, 0, 1, 0, 0
5.009999999999938, 9.82, -0.002273999999893561, -0.39139999999998537, 0.03913999999999854, 0, 39, 312, 1, 1, 0, 0, 0, 0
5.079999999999936, 9.82, -0.0010559999998931474, -0.37539999999998536, 0.03753999999999854, 1, 37, 296, 1, 0, 0, 1, 0, 0
5.079999999999936, 9.82, -0.0010559999998931474, -0.37539999999998536, 0.03753999999999854, 0, 37, 296, 1, 1, 0, 0, 0, 0
5.149999999999935, 9.82, -9.579999998927118E-4, -0.39139999999998537, 0.03913999999999854, 1, 39, 312, 1, 0, 0, 1, 0, 0
5.149999999999935, 9.82, -9.579999998927118E-4, -0.39139999999998537, 0.03913999999999854, 0, 39, 312, 1, 1, 0, 0, 0, 0
5.229999999999933, 9.82, -0.0034939999998920726, -0.47359999999998326, 0.04735999999999833, 1, 47, 235, 1, 0, 1, 0, 0, 0
5.229999999999933, 9.82, -0.0034939999998920726, -0.47359999999998326, 0.04735999999999833, 0, 47, 235, 1, 1, 0, 0, 0, 0
5.279999999999932, 9.82, -0.0015639999998919055, -0.25599999999998957, 0.025599999999998957, 1, 25, 200, 1, 0, 0, 1, 0, 0
5.279999999999932, 9.82, -0.0015639999998919055, -0.25599999999998957, 0.025599999999998957, 0, 25, 200, 1, 1, 0, 0, 0, 0
5.329999999999931, 9.82, -0.0013839999998917002, -0.29099999999998954, 0.029099999999998957, 1, 29, 232, 1, 0, 0, 1, 0, 0
5.329999999999931, 9.82, -0.0013839999998917002, -0.29099999999998954, 0.029099999999998957, 0, 29, 232, 1, 1, 0, 0, 0, 0
5.3899999999999295, 9.82, -0.00219399999989137, -0.35719999999998747, 0.035719999999998746, 1, 35, 175, 1, 0, 1, 0, 0, 0
5.3899999999999295, 9.82, -0.00219399999989137, -0.35719999999998747, 0.035719999999998746, 0, 35, 175, 1, 1, 0, 0, 0, 0
5.429999999999929, 9.82, -0.001085999999891269, -0.21779999999999167, 0.021779999999999168, 1, 21, 105, 1, 0, 1, 0, 0, 0
5.429999999999929, 9.82, -0.001085999999891269, -0.21779999999999167, 0.021779999999999168, 0, 21, 105, 1, 1, 0, 0, 0, 0
5.459999999999928, 9.82, -8.819999998912109E-4, -0.18959999999999375, 0.018959999999999377, 1, 18, 144, 1, 0, 0, 1, 0, 0
5.459999999999928, 9.82, -8.819999998912109E-4, -0.18959999999999375, 0.018959999999999377, 0, 18, 144, 1, 1, 0, 0, 0, 0
5.499999999999927, 9.82, -0.0010139999998910831, -0.24879999999999164, 0.024879999999999167, 1, 24, 120, 1, 0, 1, 0, 0, 0
5.499999999999927, 9.82, -0.0010139999998910831, -0.24879999999999164, 0.024879999999999167, 0, 24, 120, 1, 1, 0, 0, 0, 0
0.0, 9.82, 4.0, 0.0, 0.0, 0, 0, 0, 0, 1, 0, 0, 0, 0
0.9100000000000006, 9.82, -0.021290000000009288, -8.936200000000019, 0.893620000000002, 1, 893, 4465, 1, 0, 1, 0, 0, 0
0.9100000000000006, 9.82, -0.021290000000009288, -8.936200000000019, 0.893620000000002, 0, 893, 4465, 1, 1, 0, 0, 0, 0
1.8300000000000014, 9.82, -0.02414200000001731, -4.569400000000018, 0.4569400000000018, 1, 456, 3648, 1, 0, 0, 1, 0, 0
1.8300000000000014, 9.82, -0.02414200000001731, -4.569400000000018, 0.4569400000000018, 0, 456, 3648, 1, 1, 0, 0, 0, 0
2.579999999999989, 9.82, -0.013191999999974273, -3.716999999999883, 0.3716999999999883, 1, 371, 1855, 1, 0, 1, 0, 0, 0
2.579999999999989, 9.82, -0.013191999999974273, -3.716999999999883, 0.3716999999999883, 0, 371, 1855, 1, 1, 0, 0, 0, 0
2.9699999999999807, 9.82, -0.017403999999958588, -1.9747999999999177, 0.19747999999999177, 1, 197, 1576, 1, 0, 0, 1, 0, 0
2.9699999999999807, 9.82, -0.017403999999958588, -1.9747999999999177, 0.19747999999999177, 0, 197, 1576, 1, 1, 0, 0, 0, 0
3.289999999999974, 9.82, -1.5599999994854279E-4, -1.5663999999999327, 0.15663999999999328, 1, 156, 1248, 1, 0, 0, 1, 0, 0
3.289999999999974, 9.82, -1.5599999994854279E-4, -1.5663999999999327, 0.15663999999999328, 0, 156, 1248, 1, 1, 0, 0, 0, 0
3.559999999999968, 9.82, -0.007877999999941048, -1.4033999999999436, 0.14033999999999436, 1, 140, 700, 1, 0, 1, 0, 0, 0
3.559999999999968, 9.82, -0.007877999999941048, -1.4033999999999436, 0.14033999999999436, 0, 140, 700, 1, 1, 0, 0, 0, 0
3.709999999999965, 9.82, -0.005987999999938912, -0.7729999999999688, 0.07729999999999689, 1, 77, 616, 1, 0, 0, 1, 0, 0
3.709999999999965, 9.82, -0.005987999999938912, -0.7729999999999688, 0.07729999999999689, 0, 77, 616, 1, 1, 0, 0, 0, 0
3.839999999999962, 9.82, -0.002503999999937361, -0.6605999999999729, 0.06605999999999729, 1, 66, 528, 1, 0, 0, 1, 0, 0
3.839999999999962, 9.82, -0.002503999999937361, -0.6605999999999729, 0.06605999999999729, 0, 66, 528, 1, 1, 0, 0, 0, 0
3.9599999999999596, 9.82, -0.003955999999935944, -0.6503999999999749, 0.06503999999999749, 1, 65, 520, 1, 0, 0, 1, 0, 0
3.9599999999999596, 9.82, -0.003955999999935944, -0.6503999999999749, 0.06503999999999749, 0, 65, 520, 1, 1, 0, 0, 0, 0
4.069999999999958, 9.82, -7.65999999935063E-4, -0.5601999999999813, 0.05601999999999813, 1, 56, 280, 1, 0, 1, 0, 0, 0
4.069999999999958, 9.82, -7.65999999935063E-4, -0.5601999999999813, 0.05601999999999813, 0, 56, 280, 1, 1, 0, 0, 0, 0
4.139999999999956, 9.82, -0.0017879999999346002, -0.40739999999998533, 0.040739999999998534, 1, 40, 320, 1, 0, 0, 1, 0, 0
4.139999999999956, 9.82, -0.0017879999999346002, -0.40739999999998533, 0.040739999999998534, 0, 40, 320, 1, 1, 0, 0, 0, 0
4.209999999999955, 9.82, -9.999999934198062E-6, -0.36739999999998535, 0.03673999999999854, 1, 36, 180, 1, 0, 1, 0, 0, 0
4.209999999999955, 9.82, -9.999999934198062E-6, -0.36739999999998535, 0.03673999999999854, 0, 36, 180, 1, 1, 0, 0, 0, 0
4.259999999999954, 9.82, -8.299999999339725E-4, -0.31099999999998956, 0.03109999999999896, 1, 31, 248, 1, 0, 0, 1, 0, 0
4.259999999999954, 9.82, -8.299999999339725E-4, -0.31099999999998956, 0.03109999999999896, 0, 31, 248, 1, 1, 0, 0, 0, 0
4.319999999999952, 9.82, -6.799999999336627E-4, -0.34119999999998746, 0.03411999999999875, 1, 34, 170, 1, 0, 1, 0, 0, 0
4.319999999999952, 9.82, -6.799999999336627E-4, -0.34119999999998746, 0.03411999999999875, 0, 34, 170, 1, 1, 0, 0, 0, 0
4.369999999999951, 9.82, -0.0019999999999334257, -0.32099999999998957, 0.032099999999998956, 1, 32, 160, 1, 0, 1, 0, 0, 0
4.369999999999951, 9.82, -0.0019999999999334257, -0.32099999999998957, 0.032099999999998956, 0, 32, 160, 1, 1, 0, 0, 0, 0
4.399999999999951, 9.82, -1.4599999993340236E-4, -0.13459999999999372, 0.013459999999999374, 1, 13, 65, 1, 0, 1, 0, 0, 0
4.399999999999951, 9.82, -1.4599999993340236E-4, -0.13459999999999372, 0.013459999999999374, 0, 13, 65, 1, 1, 0, 0, 0, 0
4.42999999999995, 9.82, -0.0011419999999333185, -0.22959999999999375, 0.022959999999999377, 1, 22, 176, 1, 0, 0, 1, 0, 0
4.42999999999995, 9.82, -0.0011419999999333185, -0.22959999999999375, 0.022959999999999377, 0, 22, 176, 1, 1, 0, 0, 0, 0
4.479999999999949, 9.82, -0.002161999999933089, -0.31499999999998957, 0.03149999999999896, 1, 31, 248, 1, 0, 0, 1, 0, 0
4.479999999999949, 9.82, -0.002161999999933089, -0.31499999999998957, 0.03149999999999896, 0, 31, 248, 1, 1, 0, 0, 0, 0
4.539999999999948, 9.82, -0.0020119999999327785, -0.34119999999998746, 0.03411999999999875, 1, 34, 272, 1, 0, 0, 1, 0, 0
4.539999999999948, 9.82, -0.0020119999999327785, -0.34119999999998746, 0.03411999999999875, 0, 34, 272, 1, 1, 0, 0, 0, 0
4.599999999999946, 9.82, -4.2199999993249786E-4, -0.31719999999998744, 0.03171999999999874, 1, 31, 248, 1, 0, 0, 1, 0, 0
4.599999999999946, 9.82, -4.2199999993249786E-4, -0.31719999999998744, 0.03171999999999874, 0, 31, 248, 1, 1, 0, 0, 0, 0
4.659999999999945, 9.82, -2.719999999321876E-4, -0.34119999999998746, 0.03411999999999875, 1, 34, 170, 1, 0, 1, 0, 0, 0
4.659999999999945, 9.82, -2.719999999321876E-4, -0.34119999999998746, 0.03411999999999875, 0, 34, 170, 1, 1, 0, 0, 0, 0
4.709999999999944, 9.82, -0.0015919999999319504, -0.32099999999998957, 0.032099999999998956, 1, 32, 256, 1, 0, 0, 1, 0, 0
4.709999999999944, 9.82, -0.0015919999999319504, -0.32099999999998957, 0.032099999999998956, 0, 32, 256, 1, 1, 0, 0, 0, 0
4.769999999999943, 9.82, -9.619999999316497E-4, -0.33319999999998745, 0.033319999999998746, 1, 33, 165, 1, 0, 1, 0, 0, 0
4.769999999999943, 9.82, -9.619999999316497E-4, -0.33319999999998745, 0.033319999999998746, 0, 33, 165, 1, 1, 0, 0, 0, 0
4.809999999999942, 9.82, -2.5399999993153924E-4, -0.22779999999999162, 0.022779999999999162, 1, 22, 176, 1, 0, 0, 1, 0, 0
4.809999999999942, 9.82, -2.5399999993153924E-4, -0.22779999999999162, 0.022779999999999162, 0, 22, 176, 1, 1, 0, 0, 0, 0
4.859999999999941, 9.82, -0.0012739999999313095, -0.31499999999998957, 0.03149999999999896, 1, 31, 248, 1, 0, 0, 1, 0, 0
4.859999999999941, 9.82, -0.0012739999999313095, -0.31499999999998957, 0.03149999999999896, 0, 31, 248, 1, 1, 0, 0, 0, 0
4.9199999999999395, 9.82, -0.0011239999999309994, -0.34119999999998746, 0.03411999999999875, 1, 34, 170, 1, 0, 1, 0, 0, 0
4.9199999999999395, 9.82, -0.0011239999999309994, -0.34119999999998746, 0.03411999999999875, 0, 34, 170, 1, 1, 0, 0, 0, 0
4.959999999999939, 9.82, -2.1599999993089343E-4, -0.22279999999999164, 0.022279999999999165, 1, 22, 110, 1, 0, 1, 0, 0, 0
4.959999999999939, 9.82, -2.1599999993089343E-4, -0.22279999999999164, 0.022279999999999165, 0, 22, 110, 1, 1, 0, 0, 0, 0
4.999999999999938, 9.82, -0.0017079999999307365, -0.28279999999999167, 0.028279999999999167, 1, 28, 140, 1, 0, 1, 0, 0, 0
4.999999999999938, 9.82, -0.0017079999999307365, -0.28279999999999167, 0.028279999999999167, 0, 28, 140, 1, 1, 0, 0, 0, 0
5.029999999999937, 9.82, -4.539999999307003E-4, -0.15459999999999374, 0.015459999999999375, 1, 15, 75, 1, 0, 1, 0, 0, 0
5.029999999999937, 9.82, -4.539999999307003E-4, -0.15459999999999374, 0.015459999999999375, 0, 15, 75, 1, 1, 0, 0, 0, 0
5.0599999999999365, 9.82, -0.001149999999930623, -0.21959999999999374, 0.021959999999999376, 1, 21, 168, 1, 0, 0, 1, 0, 0
5.0599999999999365, 9.82, -0.001149999999930623, -0.21959999999999374, 0.021959999999999376, 0, 21, 168, 1, 1, 0, 0, 0, 0
5.099999999999936, 9.82, -3.219999999305148E-4, -0.22479999999999162, 0.022479999999999164, 1, 22, 176, 1, 0, 0, 1, 0, 0
5.099999999999936, 9.82, -3.219999999305148E-4, -0.22479999999999162, 0.022479999999999164, 0, 22, 176, 1, 1, 0, 0, 0, 0
5.149999999999935, 9.82, -0.0013419999999302855, -0.31499999999998957, 0.03149999999999896, 1, 31, 248, 1, 0, 0, 1, 0, 0
5.149999999999935, 9.82, -0.0013419999999302855, -0.31499999999998957, 0.03149999999999896, 0, 31, 248, 1, 1, 0, 0, 0, 0
5.209999999999933, 9.82, -0.0011919999999299754, -0.34119999999998746, 0.03411999999999875, 1, 34, 170, 1, 0, 1, 0, 0, 0
5.209999999999933, 9.82, -0.0011919999999299754, -0.34119999999998746, 0.03411999999999875, 0, 34, 170, 1, 1, 0, 0, 0, 0
5.2499999999999325, 9.82, -2.839999999298693E-4, -0.22279999999999164, 0.022279999999999165, 1, 22, 110, 1, 0, 1, 0, 0, 0
5.2499999999999325, 9.82, -2.839999999298693E-4, -0.22279999999999164, 0.022279999999999165, 0, 22, 110, 1, 1, 0, 0, 0, 0
5.289999999999932, 9.82, -0.0017759999999297123, -0.28279999999999167, 0.028279999999999167, 1, 28, 140, 1, 0, 1, 0, 0, 0
5.289999999999932, 9.82, -0.0017759999999297123, -0.28279999999999167, 0.028279999999999167, 0, 28, 140, 1, 1, 0, 0, 0, 0
5.319999999999931, 9.82, -5.219999999296762E-4, -0.15459999999999374, 0.015459999999999375, 1, 15, 120, 1, 0, 0, 1, 0, 0
5.319999999999931, 9.82, -5.219999999296762E-4, -0.15459999999999374, 0.015459999999999375, 0, 15, 120, 1, 1, 0, 0, 0, 0
5.35999999999993, 9.82, -0.0016139999999295281, -0.27279999999999166, 0.027279999999999166, 1, 27, 216, 1, 0, 0, 1, 0, 0
5.35999999999993, 9.82, -0.0016139999999295281, -0.27279999999999166, 0.027279999999999166, 0, 27, 216, 1, 1, 0, 0, 0, 0
5.409999999999929, 9.82, -6.339999999293404E-4, -0.2749999999999896, 0.02749999999999896, 1, 27, 216, 1, 0, 0, 1, 0, 0
5.409999999999929, 9.82, -6.339999999293404E-4, -0.2749999999999896, 0.02749999999999896, 0, 27, 216, 1, 1, 0, 0, 0, 0
5.469999999999928, 9.82, -0.00240399999992899, -0.3731999999999875, 0.03731999999999875, 1, 37, 296, 1, 0, 0, 1, 0, 0
5.469999999999928, 9.82, -0.00240399999992899, -0.3731999999999875, 0.03731999999999875, 0, 37, 296, 1, 1, 0, 0, 0, 0
0.0, 9.82, 4.0, 0.0, 0.0, 0, 0, 0, 0, 1, 0, 0, 0, 0
0.9100000000000006, 9.82, -0.021290000000009288, -8.936200000000019, 0.893620000000002, 1, 893, 7144, 1, 0, 1, 0, 0, 0
0.9100000000000006, 9.82, -0.021290000000009288, -8.936200000000019, 0.893620000000002, 0, 893, 7144, 1, 1, 0, 0, 0, 0
0.9100000000000006, 9.82, -0.021290000000009288, 7.144, 0.893620000000002, 0, 893, 7144, 1, 1, 0, 0, 1, 1
0.0, 9.82, 4.0, 0.0, 0.0, 0, 0, 0, 0, 1, 0, 0, 0, 0
0.9100000000000006, 9.82, -0.021290000000009288, -8.936200000000019, 0.893620000000002, 1, 893, 7144, 1, 0, 1, 0, 0, 0
0.9100000000000006, 9.82, -0.021290000000009288, -8.936200000000019, 0.893620000000002, 0, 893, 7144, 1, 1, 0, 0, 0, 0
0.9100000000000006, 9.82, -0.021290000000009288, 7.144, 0.893620000000002, 0, 893, 7144, 1, 1, 0, 0, 1, 1
0.0, 9.82, 4.0, 0.0, 0.0, 0, 0, 0, 0, 1, 0, 0, 0, 0
0.9100000000000006, 9.82, -0.021290000000009288, -8.936200000000019, 0.893620000000002, 1, 893, 7144, 1, 0, 1, 0, 0, 0
0.9100000000000006, 9.82, -0.021290000000009288, -8.936200000000019, 0.893620000000002, 0, 893, 7144, 1, 1, 0, 0, 0, 0
0.9100000000000006, 9.82, -0.021290000000009288, 7.144, 0.893620000000002, 0, 893, 7144, 1, 1, 0, 0, 1, 1
0.0, 9.82, 4.0, 0.0, 0.0, 0, 0, 0, 0, 1, 0, 0, 0, 0
0.9100000000000006, 9.82, -0.021290000000009288, -8.936200000000019, 0.893620000000002, 1, 893, 7144, 1, 0, 1, 0, 0, 0
0.9100000000000006, 9.82, -0.021290000000009288, -8.936200000000019, 0.893620000000002, 0, 893, 7144, 1, 1, 0, 0, 0, 0
0.9100000000000006, 9.82, -0.021290000000009288, 7.144, 0.893620000000002, 0, 893, 7144, 1, 1, 0, 0, 1, 1
0.0, 9.82, 4.0, 0.0, 0.0, 0, 0, 0, 0, 1, 0, 0, 0, 0
0.9100000000000006, 9.82, -0.021290000000009288, -8.936200000000019, 0.893620000000002, 1, 893, 7144, 1, 0, 1, 0, 0, 0
0.9100000000000006, 9.82, -0.021290000000009288, -8.936200000000019, 0.893620000000002, 0, 893, 7144, 1, 1, 0, 0, 0, 0
0.9100000000000006, 9.82, -0.021290000000009288, 7.144, 0.893620000000002, 0, 893, 7144, 1, 1, 0, 0, 1, 1
0.0, 9.82, 4.0, 0.0, 0.0, 0, 0, 0, 0, 1, 0, 0, 0, 0
0.9100000000000006, 9.82, -0.021290000000009288, -8.936200000000019, 0.893620000000002, 1, 893, 7144, 1, 0, 1, 0, 0, 0
0.9100000000000006, 9.82, -0.021290000000009288, -8.936200000000019, 0.893620000000002, 0, 893, 7144, 1, 1, 0, 0, 0, 0
0.9100000000000006, 9.82, -0.021290000000009288, 7.144, 0.893620000000002, 0, 893, 7144, 1, 1, 0, 0, 1, 1
0.0, 9.82, 4.0, 0.0, 0.0, 0, 0, 0, 0, 1, 0, 0, 0, 0
0.9100000000000006, 9.82, -0.021290000000009288, -8.936200000000019, 0.893620000000002, 1, 893, 4465, 1, 0, 1, 0, 0, 0
0.9100000000000006, 9.82, -0.021290000000009288, -8.936200000000019, 0.893620000000002, 0, 893, 4465, 1, 1, 0, 0, 0, 0
1.8300000000000014, 9.82, -0.02414200000001731, -4.569400000000018, 0.4569400000000018, 1, 456, 2280, 1, 0, 1, 0, 0, 0
1.8300000000000014, 9.82, -0.02414200000001731, -4.569400000000018, 0.4569400000000018, 0, 456, 2280, 1, 1, 0, 0, 0, 0
1.8500000000000014, 9.82, 0.020475999999982723, 2.0835999999999992, 0.4569400000000018, 1, 456, 3648, 1, 0, 0, 1, 0, 0
1.8500000000000014, 9.82, 0.020475999999982723, 2.0835999999999992, 0.4569400000000018, 0, 456, 3648, 1, 1, 0, 0, 0, 0
2.6099999999999883, 9.82, -0.00574399999997062, -3.8151999999998765, 0.38151999999998765, 1, 381, 3048, 1, 0, 0, 1, 0, 0
2.6099999999999883, 9.82, -0.00574399999997062, -3.8151999999998765, 0.38151999999998765, 0, 381, 3048, 1, 1, 0, 0, 0, 0
3.239999999999975, 9.82, -0.0033499999999305544, -3.1385999999998706, 0.3138599999999871, 1, 313, 1565, 1, 0, 1, 0, 0, 0
3.239999999999975, 9.82, -0.0033499999999305544, -3.1385999999998706, 0.3138599999999871, 0, 313, 1565, 1, 1, 0, 0, 0, 0
3.569999999999968, 9.82, -0.005395999999919458, -1.6755999999999307, 0.16755999999999308, 1, 167, 835, 1, 0, 1, 0, 0, 0
3.569999999999968, 9.82, -0.005395999999919458, -1.6755999999999307, 0.16755999999999308, 0, 167, 835, 1, 1, 0, 0, 0, 0
3.749999999999964, 9.82, -0.005341999999916284, -0.9325999999999627, 0.09325999999999628, 1, 93, 744, 1, 0, 0, 1, 0, 0
3.749999999999964, 9.82, -0.005341999999916284, -0.9325999999999627, 0.09325999999999628, 0, 93, 744, 1, 1, 0, 0, 0, 0
3.9099999999999606, 9.82, -0.00414199999991381, -0.8271999999999667, 0.08271999999999669, 1, 82, 410, 1, 0, 1, 0, 0, 0
3.9099999999999606, 9.82, -0.00414199999991381, -0.8271999999999667, 0.08271999999999669, 0, 82, 410, 1, 1, 0, 0, 0, 0
3.9999999999999587, 9.82, -0.002593999999913092, -0.4737999999999812, 0.04737999999999812, 1, 47, 235, 1, 0, 1, 0, 0, 0
3.9999999999999587, 9.82, -0.002593999999913092, -0.4737999999999812, 0.04737999999999812, 0, 47, 235, 1, 1, 0, 0, 0, 0
4.019999999999959, 9.82, 0.00112400000008691, 0.03859999999999979, 0.04737999999999812, 1, 47, 235, 1, 0, 1, 0, 0, 0
4.019999999999959, 9.82, 0.00112400000008691, 0.03859999999999979, 0.04737999999999812, 0, 47, 235, 1, 1, 0, 0, 0, 0
4.089999999999957, 9.82, -0.003047999999912563, -0.45239999999998537, 0.04523999999999854, 1, 45, 360, 1, 0, 0, 1, 0, 0
4.089999999999957, 9.82, -0.003047999999912563, -0.45239999999998537, 0.04523999999999854, 0, 45, 360, 1, 1, 0, 0, 0, 0
4.1699999999999555, 9.82, -0.0017439999999120056, -0.42559999999998327, 0.04255999999999833, 1, 42, 210, 1, 0, 1, 0, 0, 0
4.1699999999999555, 9.82, -0.0017439999999120056, -0.42559999999998327, 0.04255999999999833, 0, 42, 210, 1, 1, 0, 0, 0, 0
4.2199999999999545, 9.82, -0.001063999999911812, -0.2809999999999896, 0.02809999999999896, 1, 28, 140, 1, 0, 1, 0, 0, 0
4.2199999999999545, 9.82, -0.001063999999911812, -0.2809999999999896, 0.02809999999999896, 0, 28, 140, 1, 1, 0, 0, 0, 0
4.259999999999954, 9.82, -0.00135599999991168, -0.25279999999999164, 0.025279999999999164, 1, 25, 200, 1, 0, 0, 1, 0, 0
4.259999999999954, 9.82, -0.00135599999991168, -0.25279999999999164, 0.025279999999999164, 0, 25, 200, 1, 1, 0, 0, 0, 0
4.3099999999999525, 9.82, -0.0011759999999114746, -0.29099999999998954, 0.029099999999998957, 1, 29, 232, 1, 0, 0, 1, 0, 0
4.3099999999999525, 9.82, -0.0011759999999114746, -0.29099999999998954, 0.029099999999998957, 0, 29, 232, 1, 1, 0, 0, 0, 0
4.369999999999951, 9.82, -0.001985999999911145, -0.35719999999998747, 0.035719999999998746, 1, 35, 175, 1, 0, 1, 0, 0, 0
4.369999999999951, 9.82, -0.001985999999911145, -0.35719999999998747, 0.035719999999998746, 0, 35, 175, 1, 1, 0, 0, 0, 0
4.40999999999995, 9.82, -8.779999999110441E-4, -0.21779999999999167, 0.021779999999999168, 1, 21, 168, 1, 0, 0, 1, 0, 0
4.40999999999995, 9.82, -8.779999999110441E-4, -0.21779999999999167, 0.021779999999999168, 0, 21, 168, 1, 1, 0, 0, 0, 0
4.4499999999999496, 9.82, -4.999999991093596E-5, -0.22479999999999162, 0.022479999999999164, 1, 22, 176, 1, 0, 0, 1, 0, 0
4.4499999999999496, 9.82, -4.999999991093596E-5, -0.22479999999999162, 0.022479999999999164, 0, 22, 176, 1, 1, 0, 0, 0, 0
4.4999999999999485, 9.82, -0.0010699999999107064, -0.31499999999998957, 0.03149999999999896, 1, 31, 155, 1, 0, 1, 0, 0, 0
4.4999999999999485, 9.82, -0.0010699999999107064, -0.31499999999998957, 0.03149999999999896, 0, 31, 155, 1, 1, 0, 0, 0, 0
4.539999999999948, 9.82, -7.619999999105878E-4, -0.23779999999999163, 0.023779999999999163, 1, 23, 184, 1, 0, 0, 1, 0, 0
4.539999999999948, 9.82, -7.619999999105878E-4, -0.23779999999999163, 0.023779999999999163, 0, 23, 184, 1, 1, 0, 0, 0, 0
4.589999999999947, 9.82, -0.0013819999999103664, -0.30699999999998956, 0.030699999999998957, 1, 30, 150, 1, 0, 1, 0, 0, 0
4.589999999999947, 9.82, -0.0013819999999103664, -0.30699999999998956, 0.030699999999998957, 0, 30, 150, 1, 1, 0, 0, 0, 0
4.629999999999946, 9.82, -0.0012739999999102436, -0.24279999999999163, 0.024279999999999163, 1, 24, 192, 1, 0, 0, 1, 0, 0
4.629999999999946, 9.82, -0.0012739999999102436, -0.24279999999999163, 0.024279999999999163, 0, 24, 192, 1, 1, 0, 0, 0, 0
4.679999999999945, 9.82, -0.00149399999991003, -0.29899999999998955, 0.029899999999998955, 1, 29, 145, 1, 0, 1, 0, 0, 0
4.679999999999945, 9.82, -0.00149399999991003, -0.29899999999998955, 0.029899999999998955, 0, 29, 145, 1, 1, 0, 0, 0, 0
4.709999999999944, 9.82, -8.999999990999774E-5, -0.14959999999999374, 0.014959999999999375, 1, 14, 70, 1, 0, 1, 0, 0, 0
4.709999999999944, 9.82, -8.999999990999774E-5, -0.14959999999999374, 0.014959999999999375, 0, 14, 70, 1, 1, 0, 0, 0, 0
4.739999999999943, 9.82, -9.359999999099169E-4, -0.22459999999999375, 0.022459999999999376, 1, 22, 176, 1, 0, 0, 1, 0, 0
4.739999999999943, 9.82, -9.359999999099169E-4, -0.22459999999999375, 0.022459999999999376, 0, 22, 176, 1, 1, 0, 0, 0, 0
4.789999999999942, 9.82, -0.001955999999909687, -0.31499999999998957, 0.03149999999999896, 1, 31, 155, 1, 0, 1, 0, 0, 0
4.789999999999942, 9.82, -0.001955999999909687, -0.31499999999998957, 0.03149999999999896, 0, 31, 155, 1, 1, 0, 0, 0, 0
4.819999999999942, 9.82, -2.5199999990966086E-4, -0.13959999999999373, 0.013959999999999374, 1, 13, 104, 1, 0, 0, 1, 0, 0
4.819999999999942, 9.82, -2.5199999990966086E-4, -0.13959999999999373, 0.013959999999999374, 0, 13, 104, 1, 1, 0, 0, 0, 0
4.849999999999941, 9.82, -7.79999999096021E-5, -0.19059999999999375, 0.019059999999999376, 1, 19, 95, 1, 0, 1, 0, 0, 0
4.849999999999941, 9.82, -7.79999999096021E-5, -0.19059999999999375, 0.019059999999999376, 0, 19, 95, 1, 1, 0, 0, 0, 0
4.87999999999994, 9.82, -1.7399999990953742E-4, -0.19959999999999373, 0.019959999999999374, 1, 19, 152, 1, 0, 0, 1, 0, 0
4.87999999999994, 9.82, -1.7399999990953742E-4, -0.19959999999999373, 0.019959999999999374, 0, 19, 152, 1, 1, 0, 0, 0, 0
4.929999999999939, 9.82, -0.002393999999909281, -0.33899999999998953, 0.03389999999999895, 1, 33, 165, 1, 0, 1, 0, 0, 0
4.929999999999939, 9.82, -0.002393999999909281, -0.33899999999998953, 0.03389999999999895, 0, 33, 165, 1, 1, 0, 0, 0, 0
0.0, 9.82, 4.0, 0.0, 0.0, 0, 0, 0, 0, 1, 0, 0, 0, 0
0.9100000000000006, 9.82, -0.021290000000009288, -8.936200000000019, 0.893620000000002, 1, 893, 4465, 1, 0, 1, 0, 0, 0
0.9100000000000006, 9.82, -0.021290000000009288, -8.936200000000019, 0.893620000000002, 0, 893, 4465, 1, 1, 0, 0, 0, 0
1.8300000000000014, 9.82, -0.02414200000001731, -4.569400000000018, 0.4569400000000018, 1, 456, 3648, 1, 0, 0, 1, 0, 0
1.8300000000000014, 9.82, -0.02414200000001731, -4.569400000000018, 0.4569400000000018, 0, 456, 3648, 1, 1, 0, 0, 0, 0
2.579999999999989, 9.82, -0.013191999999974273, -3.716999999999883, 0.3716999999999883, 1, 371, 1855, 1, 0, 1, 0, 0, 0
2.579999999999989, 9.82, -0.013191999999974273, -3.716999999999883, 0.3716999999999883, 0, 371, 1855, 1, 1, 0, 0, 0, 0
2.9699999999999807, 9.82, -0.017403999999958588, -1.9747999999999177, 0.19747999999999177, 1, 197, 1576, 1, 0, 0, 1, 0, 0
2.9699999999999807, 9.82, -0.017403999999958588, -1.9747999999999177, 0.19747999999999177, 0, 197, 1576, 1, 1, 0, 0, 0, 0
3.289999999999974, 9.82, -1.5599999994854279E-4, -1.5663999999999327, 0.15663999999999328, 1, 156, 780, 1, 0, 1, 0, 0, 0
3.289999999999974, 9.82, -1.5599999994854279E-4, -1.5663999999999327, 0.15663999999999328, 0, 156, 780, 1, 1, 0, 0, 0, 0
3.45999999999997, 9.82, -0.001107999999945688, -0.8893999999999647, 0.08893999999999647, 1, 88, 440, 1, 0, 1, 0, 0, 0
3.45999999999997, 9.82, -0.001107999999945688, -0.8893999999999647, 0.08893999999999647, 0, 88, 440, 1, 1, 0, 0, 0, 0
3.559999999999968, 9.82, -0.0012979999999447427, -0.541999999999979, 0.05419999999999791, 1, 54, 270, 1, 0, 1, 0, 0, 0
3.559999999999968, 9.82, -0.0012979999999447427, -0.541999999999979, 0.05419999999999791, 0, 54, 270, 1, 1, 0, 0, 0, 0
3.6299999999999666, 9.82, -0.0030199999999442656, -0.41739999999998534, 0.041739999999998535, 1, 41, 328, 1, 0, 0, 1, 0, 0
3.6299999999999666, 9.82, -0.0030199999999442656, -0.41739999999998534, 0.041739999999998535, 0, 41, 328, 1, 1, 0, 0, 0, 0
3.699999999999965, 9.82, -6.819999999438755E-4, -0.35939999999998534, 0.035939999999998536, 1, 35, 280, 1, 0, 0, 1, 0, 0
3.699999999999965, 9.82, -6.819999999438755E-4, -0.35939999999998534, 0.035939999999998536, 0, 35, 280, 1, 1, 0, 0, 0, 0
3.7699999999999636, 9.82, -0.0017039999999434127, -0.40739999999998533, 0.040739999999998534, 1, 40, 320, 1, 0, 0, 1, 0, 0
3.7699999999999636, 9.82, -0.0017039999999434127, -0.40739999999998533, 0.040739999999998534, 0, 40, 320, 1, 1, 0, 0, 0, 0
3.849999999999962, 9.82, -0.0035999999999427857, -0.46559999999998325, 0.046559999999998325, 1, 46, 368, 1, 0, 0, 1, 0, 0
3.849999999999962, 9.82, -0.0035999999999427857, -0.46559999999998325, 0.046559999999998325, 0, 46, 368, 1, 1, 0, 0, 0, 0
3.92999999999996, 9.82, -0.0016559999999422414, -0.41759999999998326, 0.041759999999998326, 1, 41, 328, 1, 0, 0, 1, 0, 0
3.92999999999996, 9.82, -0.0016559999999422414, -0.41759999999998326, 0.041759999999998326, 0, 41, 328, 1, 1, 0, 0, 0, 0
4.009999999999959, 9.82, -0.0029119999999417875, -0.45759999999998763, 0.04575999999999877, 1, 45, 360, 1, 0, 0, 1, 0, 0
4.009999999999959, 9.82, -0.0029119999999417875, -0.45759999999998763, 0.04575999999999877, 0, 45, 360, 1, 1, 0, 0, 0, 0
4.089999999999957, 9.82, -0.0016079999999412307, -0.42559999999998327, 0.04255999999999833, 1, 42, 210, 1, 0, 1, 0, 0, 0
4.089999999999957, 9.82, -0.0016079999999412307, -0.42559999999998327, 0.04255999999999833, 0, 42, 210, 1, 1, 0, 0, 0, 0
4.139999999999956, 9.82, -9.27999999941037E-4, -0.2809999999999896, 0.02809999999999896, 1, 28, 140, 1, 0, 1, 0, 0, 0
4.139999999999956, 9.82, -9.27999999941037E-4, -0.2809999999999896, 0.02809999999999896, 0, 28, 140, 1, 1, 0, 0, 0, 0
4.179999999999955, 9.82, -0.001219999999940905, -0.25279999999999164, 0.025279999999999164, 1, 25, 125, 1, 0, 1, 0, 0, 0
4.179999999999955, 9.82, -0.001219999999940905, -0.25279999999999164, 0.025279999999999164, 0, 25, 125, 1, 1, 0, 0, 0, 0
4.209999999999955, 9.82, -4.159999999408597E-4, -0.16959999999999376, 0.016959999999999375, 1, 16, 80, 1, 0, 1, 0, 0, 0
4.209999999999955, 9.82, -4.159999999408597E-4, -0.16959999999999376, 0.016959999999999375, 0, 16, 80, 1, 1, 0, 0, 0, 0
4.239999999999954, 9.82, -9.619999999407854E-4, -0.21459999999999374, 0.021459999999999375, 1, 21, 168, 1, 0, 0, 1, 0, 0
4.239999999999954, 9.82, -9.619999999407854E-4, -0.21459999999999374, 0.021459999999999375, 0, 21, 168, 1, 1, 0, 0, 0, 0
4.279999999999953, 9.82, -1.3399999994067723E-4, -0.22479999999999162, 0.022479999999999164, 1, 22, 176, 1, 0, 0, 1, 0, 0
4.279999999999953, 9.82, -1.3399999994067723E-4, -0.22479999999999162, 0.022479999999999164, 0, 22, 176, 1, 1, 0, 0, 0, 0
4.329999999999952, 9.82, -0.0011539999999404477, -0.31499999999998957, 0.03149999999999896, 1, 31, 248, 1, 0, 0, 1, 0, 0
4.329999999999952, 9.82, -0.0011539999999404477, -0.31499999999998957, 0.03149999999999896, 0, 31, 248, 1, 1, 0, 0, 0, 0
4.389999999999951, 9.82, -0.0010039999999401376, -0.34119999999998746, 0.03411999999999875, 1, 34, 272, 1, 0, 0, 1, 0, 0
4.389999999999951, 9.82, -0.0010039999999401376, -0.34119999999998746, 0.03411999999999875, 0, 34, 272, 1, 1, 0, 0, 0, 0
4.459999999999949, 9.82, -0.002585999999939664, -0.41539999999998534, 0.041539999999998536, 1, 41, 328, 1, 0, 0, 1, 0, 0
4.459999999999949, 9.82, -0.002585999999939664, -0.41539999999998534, 0.041539999999998536, 0, 41, 328, 1, 1, 0, 0, 0, 0
4.529999999999948, 9.82, -2.479999999392738E-4, -0.35939999999998534, 0.035939999999998536, 1, 35, 175, 1, 0, 1, 0, 0, 0
4.529999999999948, 9.82, -2.479999999392738E-4, -0.35939999999998534, 0.035939999999998536, 0, 35, 175, 1, 1, 0, 0, 0, 0
4.579999999999947, 9.82, -0.0013179999999390428, -0.31599999999998957, 0.031599999999998955, 1, 31, 248, 1, 0, 0, 1, 0, 0
4.579999999999947, 9.82, -0.0013179999999390428, -0.31599999999998957, 0.031599999999998955, 0, 31, 248, 1, 1, 0, 0, 0, 0
4.6399999999999455, 9.82, -0.001167999999938733, -0.34119999999998746, 0.03411999999999875, 1, 34, 272, 1, 0, 0, 1, 0, 0
4.6399999999999455, 9.82, -0.001167999999938733, -0.34119999999998746, 0.03411999999999875, 0, 34, 272, 1, 1, 0, 0, 0, 0
4.709999999999944, 9.82, -0.002749999999938259, -0.41539999999998534, 0.041539999999998536, 1, 41, 328, 1, 0, 0, 1, 0, 0
4.709999999999944, 9.82, -0.002749999999938259, -0.41539999999998534, 0.041539999999998536, 0, 41, 328, 1, 1, 0, 0, 0, 0
4.7799999999999425, 9.82, -4.1199999993786875E-4, -0.35939999999998534, 0.035939999999998536, 1, 35, 280, 1, 0, 0, 1, 0, 0
4.7799999999999425, 9.82, -4.1199999993786875E-4, -0.35939999999998534, 0.035939999999998536, 0, 35, 280, 1, 1, 0, 0, 0, 0
4.849999999999941, 9.82, -0.001433999999937406, -0.40739999999998533, 0.040739999999998534, 1, 40, 320, 1, 0, 0, 1, 0, 0
4.849999999999941, 9.82, -0.001433999999937406, -0.40739999999998533, 0.040739999999998534, 0, 40, 320, 1, 1, 0, 0, 0, 0
4.929999999999939, 9.82, -0.003329999999936779, -0.46559999999998325, 0.046559999999998325, 1, 46, 230, 1, 0, 1, 0, 0, 0
4.929999999999939, 9.82, -0.003329999999936779, -0.46559999999998325, 0.046559999999998325, 0, 46, 230, 1, 1, 0, 0, 0, 0
4.9699999999999385, 9.82, -2.1999999936724328E-5, -0.16279999999999167, 0.016279999999999167, 1, 16, 80, 1, 0, 1, 0, 0, 0
4.9699999999999385, 9.82, -2.1999999936724328E-5, -0.16279999999999167, 0.016279999999999167, 0, 16, 80, 1, 1, 0, 0, 0, 0
4.999999999999938, 9.82, -5.679999999366501E-4, -0.21459999999999374, 0.021459999999999375, 1, 21, 105, 1, 0, 1, 0, 0, 0
4.999999999999938, 9.82, -5.679999999366501E-4, -0.21459999999999374, 0.021459999999999375, 0, 21, 105, 1, 1, 0, 0, 0, 0
5.029999999999937, 9.82, -3.63999999936592E-4, -0.18959999999999375, 0.018959999999999377, 1, 18, 90, 1, 0, 1, 0, 0, 0
5.029999999999937, 9.82, -3.63999999936592E-4, -0.18959999999999375, 0.018959999999999377, 0, 18, 90, 1, 1, 0, 0, 0, 0
5.0599999999999365, 9.82, -6.099999999365244E-4, -0.20459999999999373, 0.020459999999999375, 1, 20, 160, 1, 0, 0, 1, 0, 0
5.0599999999999365, 9.82, -6.099999999365244E-4, -0.20459999999999373, 0.020459999999999375, 0, 20, 160, 1, 1, 0, 0, 0, 0
5.099999999999936, 9.82, -1.0199999993640969E-4, -0.23279999999999162, 0.023279999999999162, 1, 23, 115, 1, 0, 1, 0, 0, 0
5.099999999999936, 9.82, -1.0199999993640969E-4, -0.23279999999999162, 0.023279999999999162, 0, 23, 115, 1, 1, 0, 0, 0, 0
5.139999999999935, 9.82, -0.0013939999999362568, -0.27779999999999166, 0.027779999999999166, 1, 27, 216, 1, 0, 0, 1, 0, 0
5.139999999999935, 9.82, -0.0013939999999362568, -0.27779999999999166, 0.027779999999999166, 0, 27, 216, 1, 1, 0, 0, 0, 0
5.189999999999934, 9.82, -4.139999999360688E-4, -0.2749999999999896, 0.02749999999999896, 1, 27, 135, 1, 0, 1, 0, 0, 0
5.189999999999934, 9.82, -4.139999999360688E-4, -0.2749999999999896, 0.02749999999999896, 0, 27, 135, 1, 1, 0, 0, 0, 0
5.229999999999933, 9.82, -9.059999999359331E-4, -0.25779999999999165, 0.025779999999999165, 1, 25, 125, 1, 0, 1, 0, 0, 0
5.229999999999933, 9.82, -9.059999999359331E-4, -0.25779999999999165, 0.025779999999999165, 0, 25, 125, 1, 1, 0, 0, 0, 0
5.259999999999932, 9.82, -1.0199999993588764E-4, -0.16959999999999376, 0.016959999999999375, 1, 16, 80, 1, 0, 1, 0, 0, 0
5.259999999999932, 9.82, -1.0199999993588764E-4, -0.16959999999999376, 0.016959999999999375, 0, 16, 80, 1, 1, 0, 0, 0, 0
5.289999999999932, 9.82, -6.479999999358134E-4, -0.21459999999999374, 0.021459999999999375, 1, 21, 105, 1, 0, 1, 0, 0, 0
5.289999999999932, 9.82, -6.479999999358134E-4, -0.21459999999999374, 0.021459999999999375, 0, 21, 105, 1, 1, 0, 0, 0, 0
5.319999999999931, 9.82, -4.439999999357553E-4, -0.18959999999999375, 0.018959999999999377, 1, 18, 144, 1, 0, 0, 1, 0, 0
5.319999999999931, 9.82, -4.439999999357553E-4, -0.18959999999999375, 0.018959999999999377, 0, 18, 144, 1, 1, 0, 0, 0, 0
5.35999999999993, 9.82, -5.759999999356276E-4, -0.24879999999999164, 0.024879999999999167, 1, 24, 192, 1, 0, 0, 1, 0, 0
5.35999999999993, 9.82, -5.759999999356276E-4, -0.24879999999999164, 0.024879999999999167, 0, 24, 192, 1, 1, 0, 0, 0, 0
5.409999999999929, 9.82, -7.959999999354139E-4, -0.29899999999998955, 0.029899999999998955, 1, 29, 145, 1, 0, 1, 0, 0, 0
5.409999999999929, 9.82, -7.959999999354139E-4, -0.29899999999998955, 0.029899999999998955, 0, 29, 145, 1, 1, 0, 0, 0, 0
5.449999999999928, 9.82, -8.879999999352871E-4, -0.24779999999999164, 0.024779999999999164, 1, 24, 192, 1, 0, 0, 1, 0, 0
5.449999999999928, 9.82, -8.879999999352871E-4, -0.24779999999999164, 0.024779999999999164, 0, 24, 192, 1, 1, 0, 0, 0, 0
5.499999999999927, 9.82, -0.0011079999999350737, -0.29899999999998955, 0.029899999999998955, 1, 29, 145, 1, 0, 1, 0, 0, 0
5.499999999999927, 9.82, -0.0011079999999350737, -0.29899999999998955, 0.029899999999998955, 0, 29, 145, 1, 1, 0, 0, 0, 0
0.0, 9.82, 4.0, 0.0, 0.0, 0, 0, 0, 0, 1, 0, 0, 0, 0
0.9100000000000006, 9.82, -0.021290000000009288, -8.936200000000019, 0.893620000000002, 1, 893, 4465, 1, 0, 1, 0, 0, 0
0.9100000000000006, 9.82, -0.021290000000009288, -8.936200000000019, 0.893620000000002, 0, 893, 4465, 1, 1, 0, 0, 0, 0
1.8300000000000014, 9.82, -0.02414200000001731, -4.569400000000018, 0.4569400000000018, 1, 456, 3648, 1, 0, 0, 1, 0, 0
1.8300000000000014, 9.82, -0.02414200000001731, -4.569400000000018, 0.4569400000000018, 0, 456, 3648, 1, 1, 0, 0, 0, 0
2.579999999999989, 9.82, -0.013191999999974273, -3.716999999999883, 0.3716999999999883, 1, 371, 2968, 1, 0, 0, 1, 0, 0
2.579999999999989, 9.82, -0.013191999999974273, -3.716999999999883, 0.3716999999999883, 0, 371, 2968, 1, 1, 0, 0, 0, 0
3.1999999999999758, 9.82, -0.029993999999934916, -3.1203999999998726, 0.31203999999998727, 1, 312, 1560, 1, 0, 1, 0, 0, 0
3.1999999999999758, 9.82, -0.029993999999934916, -3.1203999999998726, 0.31203999999998727, 0, 312, 1560, 1, 1, 0, 0, 0, 0
3.509999999999969, 9.82, -0.003023999999925706, -1.484199999999935, 0.1484199999999935, 1, 148, 740, 1, 0, 1, 0, 0, 0
3.509999999999969, 9.82, -0.003023999999925706, -1.484199999999935, 0.1484199999999935, 0, 148, 740, 1, 1, 0, 0, 0, 0
3.6699999999999657, 9.82, -0.002463999999923215, -0.8311999999999667, 0.08311999999999668, 1, 83, 415, 1, 0, 1, 0, 0, 0
3.6699999999999657, 9.82, -0.002463999999923215, -0.8311999999999667, 0.08311999999999668, 0, 83, 415, 1, 1, 0, 0, 0, 0
3.759999999999964, 9.82, -4.6599999992250713E-4, -0.4687999999999812, 0.04687999999999812, 1, 46, 230, 1, 0, 1, 0, 0, 0
3.759999999999964, 9.82, -4.6599999992250713E-4, -0.4687999999999812, 0.04687999999999812, 0, 46, 230, 1, 1, 0, 0, 0, 0
3.8199999999999625, 9.82, -0.0013959999999221746, -0.3591999999999875, 0.03591999999999875, 1, 35, 280, 1, 0, 0, 1, 0, 0
3.8199999999999625, 9.82, -0.0013959999999221746, -0.3591999999999875, 0.03591999999999875, 0, 35, 280, 1, 1, 0, 0, 0, 0
3.889999999999961, 9.82, -0.0024179999999217115, -0.40739999999998533, 0.040739999999998534, 1, 40, 320, 1, 0, 0, 1, 0, 0
3.889999999999961, 9.82, -0.0024179999999217115, -0.40739999999998533, 0.040739999999998534, 0, 40, 320, 1, 1, 0, 0, 0, 0
3.9599999999999596, 9.82, -6.399999999213094E-4, -0.36739999999998535, 0.03673999999999854, 1, 36, 288, 1, 0, 0, 1, 0, 0
3.9599999999999596, 9.82, -6.399999999213094E-4, -0.36739999999998535, 0.03673999999999854, 0, 36, 288, 1, 1, 0, 0, 0, 0
4.0299999999999585, 9.82, -0.001101999999920997, -0.39939999999998976, 0.039939999999998976, 1, 39, 195, 1, 0, 1, 0, 0, 0
4.0299999999999585, 9.82, -0.001101999999920997, -0.39939999999998976, 0.039939999999998976, 0, 39, 195, 1, 1, 0, 0, 0, 0
4.079999999999957, 9.82, -0.0011719999999207865, -0.29599999999998955, 0.029599999999998957, 1, 29, 145, 1, 0, 1, 0, 0, 0
4.079999999999957, 9.82, -0.0011719999999207865, -0.29599999999998955, 0.029599999999998957, 0, 29, 145, 1, 1, 0, 0, 0, 0
4.119999999999957, 9.82, -0.0012639999999206598, -0.24779999999999164, 0.024779999999999164, 1, 24, 120, 1, 0, 1, 0, 0, 0
4.119999999999957, 9.82, -0.0012639999999206598, -0.24779999999999164, 0.024779999999999164, 0, 24, 120, 1, 1, 0, 0, 0, 0
4.149999999999956, 9.82, -6.099999999206113E-4, -0.17459999999999376, 0.017459999999999375, 1, 17, 136, 1, 0, 0, 1, 0, 0
4.149999999999956, 9.82, -6.099999999206113E-4, -0.17459999999999376, 0.017459999999999375, 0, 17, 136, 1, 1, 0, 0, 0, 0
4.189999999999955, 9.82, -0.0010619999999204764, -0.25679999999999165, 0.025679999999999165, 1, 25, 200, 1, 0, 0, 1, 0, 0
4.189999999999955, 9.82, -0.0010619999999204764, -0.25679999999999165, 0.025679999999999165, 0, 25, 200, 1, 1, 0, 0, 0, 0
4.239999999999954, 9.82, -8.819999999202708E-4, -0.29099999999998954, 0.029099999999998957, 1, 29, 145, 1, 0, 1, 0, 0, 0
4.239999999999954, 9.82, -8.819999999202708E-4, -0.29099999999998954, 0.029099999999998957, 0, 29, 145, 1, 1, 0, 0, 0, 0
4.279999999999953, 9.82, -9.73999999920144E-4, -0.24779999999999164, 0.024779999999999164, 1, 24, 120, 1, 0, 1, 0, 0, 0
4.279999999999953, 9.82, -9.73999999920144E-4, -0.24779999999999164, 0.024779999999999164, 0, 24, 120, 1, 1, 0, 0, 0, 0
4.3099999999999525, 9.82, -3.199999999200956E-4, -0.17459999999999376, 0.017459999999999375, 1, 17, 136, 1, 0, 0, 1, 0, 0
4.3099999999999525, 9.82, -3.199999999200956E-4, -0.17459999999999376, 0.017459999999999375, 0, 17, 136, 1, 1, 0, 0, 0, 0
4.349999999999952, 9.82, -7.719999999199606E-4, -0.25679999999999165, 0.025679999999999165, 1, 25, 125, 1, 0, 1, 0, 0, 0
4.349999999999952, 9.82, -7.719999999199606E-4, -0.25679999999999165, 0.025679999999999165, 0, 25, 125, 1, 1, 0, 0, 0, 0
4.389999999999951, 9.82, -0.0016639999999198164, -0.26779999999999166, 0.026779999999999166, 1, 26, 208, 1, 0, 0, 1, 0, 0
4.389999999999951, 9.82, -0.0016639999999198164, -0.26779999999999166, 0.026779999999999166, 0, 26, 208, 1, 1, 0, 0, 0, 0
4.43999999999995, 9.82, -0.0010839999999196206, -0.2829999999999896, 0.02829999999999896, 1, 28, 224, 1, 0, 0, 1, 0, 0
4.43999999999995, 9.82, -0.0010839999999196206, -0.2829999999999896, 0.02829999999999896, 0, 28, 224, 1, 1, 0, 0, 0, 0
4.4999999999999485, 9.82, -0.002373999999919281, -0.3651999999999875, 0.03651999999999875, 1, 36, 180, 1, 0, 1, 0, 0, 0
4.4999999999999485, 9.82, -0.002373999999919281, -0.3651999999999875, 0.03651999999999875, 0, 36, 180, 1, 1, 0, 0, 0, 0
4.539999999999948, 9.82, -0.001065999999919184, -0.21279999999999166, 0.021279999999999168, 1, 21, 105, 1, 0, 1, 0, 0, 0
4.539999999999948, 9.82, -0.001065999999919184, -0.21279999999999166, 0.021279999999999168, 0, 21, 105, 1, 1, 0, 0, 0, 0
4.569999999999947, 9.82, -8.619999999191258E-4, -0.18959999999999375, 0.018959999999999377, 1, 18, 90, 1, 0, 1, 0, 0, 0
4.569999999999947, 9.82, -8.619999999191258E-4, -0.18959999999999375, 0.018959999999999377, 0, 18, 90, 1, 1, 0, 0, 0, 0
0.0, 9.82, 4.0, 0.0, 0.0, 0, 0, 0, 0, 1, 0, 0, 0, 0
0.9100000000000006, 9.82, -0.021290000000009288, -8.936200000000019, 0.893620000000002, 1, 893, 7144, 1, 0, 1, 0, 0, 0
0.9100000000000006, 9.82, -0.021290000000009288, -8.936200000000019, 0.893620000000002, 0, 893, 7144, 1, 1, 0, 0, 0, 0
0.9100000000000006, 9.82, -0.021290000000009288, 7.144, 0.893620000000002, 0, 893, 7144, 1, 1, 0, 0, 1, 1
0.0, 9.82, 4.0, 0.0, 0.0, 0, 0, 0, 0, 1, 0, 0, 0, 0
0.9100000000000006, 9.82, -0.021290000000009288, -8.936200000000019, 0.893620000000002, 1, 893, 7144, 1, 0, 1, 0, 0, 0
0.9100000000000006, 9.82, -0.021290000000009288, -8.936200000000019, 0.893620000000002, 0, 893, 7144, 1, 1, 0, 0, 0, 0
0.9100000000000006, 9.82, -0.021290000000009288, 7.144, 0.893620000000002, 0, 893, 7144, 1, 1, 0, 0, 1, 1
0.0, 9.82, 4.0, 0.0, 0.0, 0, 0, 0, 0, 1, 0, 0, 0, 0
0.9100000000000006, 9.82, -0.021290000000009288, -8.936200000000019, 0.893620000000002, 1, 893, 4465, 1, 0, 1, 0, 0, 0
0.9100000000000006, 9.82, -0.021290000000009288, -8.936200000000019, 0.893620000000002, 0, 893, 4465, 1, 1, 0, 0, 0, 0
1.8300000000000014, 9.82, -0.02414200000001731, -4.569400000000018, 0.4569400000000018, 1, 456, 3648, 1, 0, 0, 1, 0, 0
1.8300000000000014, 9.82, -0.02414200000001731, -4.569400000000018, 0.4569400000000018, 0, 456, 3648, 1, 1, 0, 0, 0, 0
2.579999999999989, 9.82, -0.013191999999974273, -3.716999999999883, 0.3716999999999883, 1, 371, 2968, 1, 0, 0, 1, 0, 0
2.579999999999989, 9.82, -0.013191999999974273, -3.716999999999883, 0.3716999999999883, 0, 371, 2968, 1, 1, 0, 0, 0, 0
3.1999999999999758, 9.82, -0.029993999999934916, -3.1203999999998726, 0.31203999999998727, 1, 312, 2496, 1, 0, 0, 1, 0, 0
3.1999999999999758, 9.82, -0.029993999999934916, -3.1203999999998726, 0.31203999999998727, 0, 312, 2496, 1, 1, 0, 0, 0, 0
3.709999999999965, 9.82, -0.00908399999990898, -2.5121999999998943, 0.25121999999998945, 1, 251, 2008, 1, 0, 0, 1, 0, 0
3.709999999999965, 9.82, -0.00908399999990898, -2.5121999999998943, 0.25121999999998945, 0, 251, 2008, 1, 1, 0, 0, 0, 0
4.129999999999956, 9.82, -0.011225999999891632, -2.1163999999999157, 0.21163999999999158, 1, 211, 1688, 1, 0, 0, 1, 0, 0
4.129999999999956, 9.82, -0.011225999999891632, -2.1163999999999157, 0.21163999999999158, 0, 211, 1688, 1, 1, 0, 0, 0, 0
4.479999999999949, 9.82, -0.004715999999879218, -1.7489999999999264, 0.17489999999999264, 1, 174, 1392, 1, 0, 0, 1, 0, 0
4.479999999999949, 9.82, -0.004715999999879218, -1.7489999999999264, 0.17489999999999264, 0, 174, 1392, 1, 1, 0, 0, 0, 0
4.7799999999999425, 9.82, -0.014285999999869965, -1.5539999999999372, 0.15539999999999374, 1, 155, 775, 1, 0, 1, 0, 0, 0
4.7799999999999425, 9.82, -0.014285999999869965, -1.5539999999999372, 0.15539999999999374, 0, 155, 775, 1, 1, 0, 0, 0, 0
4.929999999999939, 9.82, -0.0011459999998680616, -0.6979999999999688, 0.06979999999999688, 1, 69, 345, 1, 0, 1, 0, 0, 0
4.929999999999939, 9.82, -0.0011459999998680616, -0.6979999999999688, 0.06979999999999688, 0, 69, 345, 1, 1, 0, 0, 0, 0
5.009999999999938, 9.82, -0.00104199999986748, -0.4405999999999833, 0.04405999999999833, 1, 44, 220, 1, 0, 1, 0, 0, 0
5.009999999999938, 9.82, -0.00104199999986748, -0.4405999999999833, 0.04405999999999833, 0, 44, 220, 1, 1, 0, 0, 0, 0
5.069999999999936, 9.82, -0.0025719999998671346, -0.3691999999999875, 0.03691999999999875, 1, 36, 288, 1, 0, 0, 1, 0, 0
5.069999999999936, 9.82, -0.0025719999998671346, -0.3691999999999875, 0.03691999999999875, 0, 36, 288, 1, 1, 0, 0, 0, 0
5.129999999999935, 9.82, -2.1999999866876337E-5, -0.3011999999999875, 0.03011999999999875, 1, 30, 240, 1, 0, 0, 1, 0, 0
5.129999999999935, 9.82, -2.1999999866876337E-5, -0.3011999999999875, 0.03011999999999875, 0, 30, 240, 1, 1, 0, 0, 0, 0
5.189999999999934, 9.82, -3.519999998665567E-4, -0.34919999999998746, 0.03491999999999875, 1, 34, 170, 1, 0, 1, 0, 0, 0
5.189999999999934, 9.82, -3.519999998665567E-4, -0.34919999999998746, 0.03491999999999875, 0, 34, 170, 1, 1, 0, 0, 0, 0
5.239999999999933, 9.82, -0.0016719999998663195, -0.32099999999998957, 0.032099999999998956, 1, 32, 256, 1, 0, 0, 1, 0, 0
5.239999999999933, 9.82, -0.0016719999998663195, -0.32099999999998957, 0.032099999999998956, 0, 32, 256, 1, 1, 0, 0, 0, 0
5.299999999999931, 9.82, -0.0010419999998660188, -0.33319999999998745, 0.033319999999998746, 1, 33, 165, 1, 0, 1, 0, 0, 0
5.299999999999931, 9.82, -0.0010419999998660188, -0.33319999999998745, 0.033319999999998746, 0, 33, 165, 1, 1, 0, 0, 0, 0
5.339999999999931, 9.82, -3.3399999986590836E-4, -0.22779999999999162, 0.022779999999999162, 1, 22, 176, 1, 0, 0, 1, 0, 0
5.339999999999931, 9.82, -3.3399999986590836E-4, -0.22779999999999162, 0.022779999999999162, 0, 22, 176, 1, 1, 0, 0, 0, 0
5.3899999999999295, 9.82, -0.001353999999865679, -0.31499999999998957, 0.03149999999999896, 1, 31, 248, 1, 0, 0, 1, 0, 0
5.3899999999999295, 9.82, -0.001353999999865679, -0.31499999999998957, 0.03149999999999896, 0, 31, 248, 1, 1, 0, 0, 0, 0
5.449999999999928, 9.82, -0.001203999999865369, -0.34119999999998746, 0.03411999999999875, 1, 34, 272, 1, 0, 0, 1, 0, 0
5.449999999999928, 9.82, -0.001203999999865369, -0.34119999999998746, 0.03411999999999875, 0, 34, 272, 1, 1, 0, 0, 0, 0
0.0, 9.82, 4.0, 0.0, 0.0, 0, 0, 0, 0, 1, 0, 0, 0, 0
0.9100000000000006, 9.82, -0.021290000000009288, -8.936200000000019, 0.893620000000002, 1, 893, 7144, 1, 0, 1, 0, 0, 0
0.9100000000000006, 9.82, -0.021290000000009288, -8.936200000000019, 0.893620000000002, 0, 893, 7144, 1, 1, 0, 0, 0, 0
0.9100000000000006, 9.82, -0.021290000000009288, 7.144, 0.893620000000002, 0, 893, 7144, 1, 1, 0, 0, 1, 1
0.0, 9.82, 4.0, 0.0, 0.0, 0, 0, 0, 0, 1, 0, 0, 0, 0
0.9100000000000006, 9.82, -0.021290000000009288, -8.936200000000019, 0.893620000000002, 1, 893, 7144, 1, 0, 1, 0, 0, 0
0.9100000000000006, 9.82, -0.021290000000009288, -8.936200000000019, 0.893620000000002, 0, 893, 7144, 1, 1, 0, 0, 0, 0
0.9100000000000006, 9.82, -0.021290000000009288, 7.144, 0.893620000000002, 0, 893, 7144, 1, 1, 0, 0, 1, 1
0.0, 9.82, 4.0, 0.0, 0.0, 0, 0, 0, 0, 1, 0, 0, 0, 0
0.9100000000000006, 9.82, -0.021290000000009288, -8.936200000000019, 0.893620000000002, 1, 893, 7144, 1, 0, 1, 0, 0, 0
0.9100000000000006, 9.82, -0.021290000000009288, -8.936200000000019, 0.893620000000002, 0, 893, 7144, 1, 1, 0, 0, 0, 0
0.9100000000000006, 9.82, -0.021290000000009288, 7.144, 0.893620000000002, 0, 893, 7144, 1, 1, 0, 0, 1, 1
